1147	2021-09-21	06	08	23	27	29	21
1146	2021-09-14	04	05	11	29	30	24
1145	2021-09-07	11	14	20	28	31	12
1144	2021-08-31	04	11	14	21	30	27
1143	2021-08-24	03	04	16	19	27	23
1142	2021-08-17	11	23	25	29	30	18
1141	2021-08-10	09	12	17	18	27	22
1140	2021-08-03	07	11	17	19	28	25
1139	2021-07-27	12	16	17	24	31	22
1138	2021-07-20	14	20	23	28	29	27
1137	2021-07-13	07	08	21	25	31	14
1136	2021-07-06	11	15	20	22	23	04
1135	2021-06-29	07	19	21	23	28	24
1134	2021-06-22	06	13	20	23	28	21
1133	2021-06-15	14	17	23	28	30	07
1132	2021-06-08	03	04	14	15	18	05
1131	2021-06-01	06	08	11	24	29	23
1130	2021-05-25	05	06	08	25	26	11
1129	2021-05-18	05	09	16	29	30	12
1128	2021-05-11	04	07	13	24	30	02
1127	2021-05-04	08	22	24	27	28	16
1126	2021-04-27	06	08	20	30	31	25
1125	2021-04-20	02	06	10	14	21	18
1124	2021-04-13	03	04	06	08	27	12
1123	2021-04-06	07	17	26	28	29	24
1122	2021-03-30	08	09	14	25	28	11
1121	2021-03-23	13	19	21	24	25	16
1120	2021-03-16	02	10	11	17	31	26
1119	2021-03-09	09	10	12	17	18	14
1118	2021-03-02	08	13	16	27	29	11
1117	2021-02-23	04	13	22	27	30	19
1116	2021-02-16	07	24	25	27	29	10
1115	2021-02-09	02	04	06	11	29	20
1114	2021-02-02	07	18	21	25	26	12
1113	2021-01-26	19	20	21	26	27	12
1112	2021-01-19	05	06	08	13	25	29
1111	2021-01-12	02	03	04	13	31	29
1110	2021-01-05	02	07	19	23	28	03
1109	2020-12-29	07	15	17	26	27	08
1108	2020-12-22	06	10	14	17	19	27
1107	2020-12-15	07	10	16	18	29	05
1106	2020-12-08	02	18	21	25	30	19
1105	2020-12-01	04	11	16	21	26	09
1104	2020-11-24	07	16	20	23	28	06
1103	2020-11-17	01	06	07	21	31	18
1102	2020-11-10	08	13	20	26	29	06
1101	2020-11-03	01	08	10	12	29	13
1100	2020-10-27	13	18	19	25	27	16
1099	2020-10-20	01	03	05	14	23	15
1098	2020-10-13	03	13	17	28	31	19
1097	2020-10-06	05	12	18	19	24	16
1096	2020-09-29	01	02	12	20	22	08
1095	2020-09-22	04	10	16	21	24	06
1094	2020-09-15	03	05	08	14	22	21
1093	2020-09-08	02	12	17	23	30	08
1092	2020-09-01	09	13	14	19	22	25
1091	2020-08-25	01	14	25	29	31	30
1090	2020-08-18	04	12	15	22	25	10
1089	2020-08-11	03	13	18	19	22	29
1088	2020-08-04	02	08	14	17	26	04
1087	2020-07-28	01	03	04	09	16	28
1086	2020-07-21	02	18	19	28	30	16
1085	2020-07-14	09	10	16	17	28	13
1084	2020-07-07	11	19	28	29	31	02
1083	2020-06-30	01	03	19	26	29	05
1082	2020-06-23	01	02	14	19	29	05
1081	2020-06-16	02	03	04	24	25	08
1080	2020-06-09	04	05	13	19	21	14
1079	2020-06-02	02	06	14	16	26	04
1078	2020-05-26	03	10	16	17	25	24
1077	2020-05-19	03	17	19	25	31	04
1076	2020-05-12	05	07	11	22	26	15
1075	2020-05-05	04	11	13	16	31	06
1074	2020-04-28	15	18	20	22	27	21
1073	2020-04-21	02	13	21	24	30	14
1072	2020-04-14	03	04	10	12	13	31
1071	2020-04-07	02	03	04	27	31	07
1070	2020-03-31	07	09	11	27	31	21
1069	2020-03-24	01	03	09	14	25	20
1068	2020-03-17	02	03	20	24	31	09
1067	2020-03-10	02	10	13	15	28	26
1066	2020-03-03	15	17	20	22	23	21
1065	2020-02-25	08	11	14	16	31	10
1064	2020-02-18	01	05	08	28	29	07
1063	2020-02-11	10	18	20	26	27	25
1062	2020-02-04	14	18	23	29	31	17
1061	2020-01-28	05	10	19	23	28	09
1060	2020-01-21	19	23	24	28	31	11
1059	2020-01-14	02	11	13	16	18	03
1058	2020-01-07	02	16	19	24	27	20
1057	2019-12-24	09	13	21	23	26	01
1056	2019-12-17	03	12	14	21	25	10
1055	2019-12-10	01	05	18	19	21	09
1054	2019-12-03	02	19	25	26	31	22
1053	2019-11-26	02	03	13	16	23	14
1052	2019-11-19	04	08	09	14	26	05
1051	2019-11-12	07	11	12	21	22	05
1050	2019-11-05	02	15	19	23	28	10
1049	2019-10-29	02	16	21	26	31	27
1048	2019-10-22	01	08	11	19	23	12
1047	2019-10-15	08	12	19	25	26	09
1046	2019-10-08	16	23	24	28	29	12
1045	2019-10-01	03	05	07	10	18	16
1044	2019-09-24	12	19	27	28	30	01
1043	2019-09-17	07	09	23	24	25	30
1042	2019-09-10	11	12	19	23	28	07
1041	2019-09-03	03	09	14	15	27	31
1040	2019-08-27	07	10	13	25	27	30
1039	2019-08-20	04	19	22	24	30	12
1038	2019-08-13	02	05	21	23	30	08
1037	2019-08-06	07	19	23	24	27	17
1036	2019-07-30	07	14	16	23	28	09
1035	2019-07-23	03	08	11	16	31	26
1034	2019-07-16	12	22	27	28	29	10
1033	2019-07-09	02	12	14	24	31	22
1032	2019-07-02	01	09	14	21	26	29
1031	2019-06-25	05	08	17	21	23	15
1030	2019-06-18	21	24	26	27	28	22
1029	2019-06-11	03	04	09	11	29	05
1028	2019-06-04	02	03	08	16	27	17
1027	2019-05-28	05	06	17	21	27	19
1026	2019-05-21	03	14	15	22	26	01
1025	2019-05-14	03	04	13	19	23	18
1024	2019-05-07	04	11	12	23	28	03
1023	2019-04-30	02	12	22	23	26	25
1022	2019-04-23	05	13	24	27	29	22
1021	2019-04-16	13	19	23	25	29	08
1020	2019-04-09	03	12	17	24	30	31
1019	2019-04-02	05	06	16	23	24	03
1018	2019-03-26	13	16	23	27	29	15
1017	2019-03-19	09	16	21	23	24	08
1016	2019-03-12	05	21	23	25	27	22
1015	2019-03-05	03	05	06	20	25	27
1014	2019-02-26	04	17	19	20	25	05
1013	2019-02-19	01	06	11	19	28	08
1012	2019-02-12	01	13	18	26	29	08
1011	2019-02-05	09	16	21	30	31	27
1010	2019-01-29	10	17	20	21	30	15
1009	2019-01-22	02	08	17	23	27	04
1008	2019-01-15	03	04	22	26	27	11
1007	2019-01-08	02	10	11	25	31	17
1006	2018-12-25	10	15	19	23	26	06
1005	2018-12-18	05	13	18	26	31	11
1004	2018-12-11	01	18	22	27	30	20
1003	2018-12-04	11	14	15	22	29	10
1002	2018-11-27	02	09	11	20	27	05
1001	2018-11-20	05	12	16	22	27	18
1000	2018-11-13	03	08	14	18	26	07
999	2018-11-06	06	17	18	20	29	26
998	2018-10-30	01	07	19	20	25	27
997	2018-10-23	01	03	08	11	14	16
996	2018-10-16	09	19	20	22	26	07
995	2018-10-09	01	05	14	21	30	12
994	2018-10-02	07	08	19	27	31	26
993	2018-09-25	01	04	24	29	30	10
992	2018-09-18	01	14	17	20	31	24
991	2018-09-11	01	03	09	15	30	06
990	2018-09-04	03	09	17	23	25	13
989	2018-08-28	02	07	10	16	30	24
988	2018-08-21	01	09	11	14	21	28
987	2018-08-14	06	13	15	17	21	22
986	2018-08-07	01	21	22	25	27	28
985	2018-07-31	05	11	16	17	26	03
984	2018-07-24	02	04	05	16	27	14
983	2018-07-17	06	10	12	15	23	25
982	2018-07-10	05	08	20	22	27	24
981	2018-07-03	10	11	19	28	30	22
980	2018-06-26	08	24	27	30	31	16
979	2018-06-19	01	10	23	25	28	12
978	2018-06-12	01	08	20	26	28	07
977	2018-06-05	09	17	21	22	23	05
976	2018-05-29	02	04	15	16	19	08
975	2018-05-22	10	18	19	28	29	16
974	2018-05-15	10	18	21	24	27	30
973	2018-05-08	01	07	12	13	31	30
972	2018-05-01	13	19	21	22	27	14
971	2018-04-24	07	17	18	20	24	13
970	2018-04-17	02	04	19	27	28	07
969	2018-04-10	01	04	18	24	27	06
968	2018-04-03	01	05	10	20	24	03
967	2018-03-27	04	07	11	14	31	02
966	2018-03-20	01	11	25	26	27	30
965	2018-03-13	07	13	15	19	28	23
964	2018-03-06	16	19	27	28	30	12
963	2018-02-27	04	07	17	21	28	10
962	2018-02-20	03	10	15	18	25	27
961	2018-02-13	02	11	18	20	29	03
960	2018-02-06	02	03	05	16	20	09
959	2018-01-30	02	03	09	14	19	15
958	2018-01-23	03	10	15	17	19	20
957	2018-01-16	02	15	26	29	31	03
956	2018-01-09	06	15	18	22	29	31
955	2017-12-26	09	12	17	21	30	28
954	2017-12-19	11	16	21	23	25	18
953	2017-12-12	04	05	09	22	29	02
952	2017-12-05	04	10	15	16	18	08
951	2017-11-28	03	09	12	26	27	25
950	2017-11-21	05	08	12	14	28	01
949	2017-11-14	01	02	05	06	21	25
948	2017-11-07	03	06	12	13	22	04
947	2017-10-31	03	07	19	24	27	16
946	2017-10-24	05	14	24	28	29	20
945	2017-10-17	14	17	21	25	31	15
944	2017-10-10	05	11	13	16	27	23
943	2017-10-03	04	11	18	28	30	10
942	2017-09-26	02	07	10	22	29	17
941	2017-09-19	03	11	12	15	28	17
940	2017-09-12	04	09	25	27	28	12
939	2017-09-05	08	12	20	23	28	16
938	2017-08-29	04	09	16	21	22	01
937	2017-08-22	05	12	13	15	24	25
936	2017-08-15	07	21	23	25	31	10
935	2017-08-08	03	11	13	20	31	16
934	2017-08-01	03	07	08	11	13	04
933	2017-07-25	03	04	22	26	29	05
932	2017-07-18	01	03	14	17	19	23
931	2017-07-11	02	03	18	24	25	09
930	2017-07-04	09	14	24	25	27	16
929	2017-06-27	02	04	05	11	20	22
928	2017-06-20	04	09	11	19	23	22
927	2017-06-13	01	06	07	17	18	16
926	2017-06-06	03	09	18	27	29	26
925	2017-05-30	09	14	19	27	30	16
924	2017-05-23	02	07	08	14	23	15
923	2017-05-16	08	20	21	22	27	19
922	2017-05-09	02	13	14	21	22	07
921	2017-05-02	06	08	10	14	30	13
920	2017-04-25	05	15	22	24	25	30
919	2017-04-18	04	07	09	15	23	11
918	2017-04-11	16	20	22	27	29	30
917	2017-04-04	01	09	10	24	27	13
916	2017-03-28	17	18	23	28	30	05
915	2017-03-21	14	22	24	26	27	07
914	2017-03-14	02	07	15	19	24	22
913	2017-03-07	02	09	17	21	23	28
912	2017-02-28	09	12	19	21	22	18
911	2017-02-21	02	03	04	13	16	17
910	2017-02-14	10	14	20	26	30	03
909	2017-02-07	03	12	14	20	27	22
908	2017-01-31	18	19	21	23	31	17
907	2017-01-24	03	04	10	22	31	06
906	2017-01-17	02	04	06	07	23	26
905	2017-01-10	04	17	18	22	27	10
904	2016-12-27	03	05	08	17	21	14
903	2016-12-20	02	05	21	24	29	04
902	2016-12-13	06	08	16	22	28	27
901	2016-12-06	02	10	13	23	24	27
900	2016-11-29	01	15	18	22	25	29
899	2016-11-22	01	07	19	20	31	29
898	2016-11-15	05	07	20	24	25	17
897	2016-11-08	16	17	18	23	31	29
896	2016-11-01	11	13	16	17	26	30
895	2016-10-25	07	08	09	11	14	22
894	2016-10-18	11	16	21	23	30	25
893	2016-10-11	11	14	20	22	25	05
892	2016-10-04	02	03	12	19	21	05
891	2016-09-27	10	17	29	30	31	25
890	2016-09-20	01	07	12	24	31	06
889	2016-09-13	05	06	12	17	22	23
888	2016-09-06	06	17	24	29	31	03
887	2016-08-30	03	04	19	28	29	23
886	2016-08-23	01	11	20	23	29	13
885	2016-08-16	09	17	21	24	27	11
884	2016-08-09	07	10	22	27	31	02
883	2016-08-02	01	17	18	21	25	23
882	2016-07-26	02	07	08	18	30	21
881	2016-07-19	10	11	17	29	30	15
880	2016-07-12	05	07	11	12	21	18
879	2016-07-05	02	13	24	27	31	12
878	2016-06-28	02	03	08	28	29	26
877	2016-06-21	05	14	20	22	23	16
876	2016-06-14	18	19	20	21	27	15
875	2016-06-07	02	03	08	11	28	10
874	2016-05-31	06	07	08	22	24	18
873	2016-05-24	04	06	10	23	29	03
872	2016-05-17	15	16	24	28	30	26
871	2016-05-10	04	17	24	27	31	19
870	2016-05-03	03	12	22	23	31	24
869	2016-04-26	02	14	16	19	30	05
868	2016-04-19	01	09	14	25	30	31
867	2016-04-12	13	23	24	28	30	31
866	2016-04-05	04	16	18	26	28	09
865	2016-03-29	03	08	16	17	31	09
864	2016-03-22	14	18	26	28	30	08
863	2016-03-15	01	02	11	27	28	21
862	2016-03-08	03	07	09	13	23	06
861	2016-03-01	04	08	12	17	27	03
860	2016-02-23	08	09	21	30	31	07
859	2016-02-16	13	17	19	28	31	25
858	2016-02-09	06	14	15	25	26	22
857	2016-02-02	02	04	21	24	28	29
856	2016-01-26	01	10	15	24	29	09
855	2016-01-19	02	07	17	22	24	25
854	2016-01-12	03	16	22	23	31	10
853	2016-01-05	06	11	17	18	30	28
852	2015-12-29	02	09	15	18	22	12
851	2015-12-22	10	19	20	24	31	23
850	2015-12-15	01	02	13	15	18	28
849	2015-12-08	04	14	17	19	20	26
848	2015-12-01	02	03	22	29	31	01
847	2015-11-24	07	18	19	21	31	15
846	2015-11-17	01	17	27	30	31	08
845	2015-11-10	03	10	22	24	30	28
844	2015-11-03	03	11	14	22	26	01
843	2015-10-27	02	14	23	28	30	26
842	2015-10-20	09	18	20	24	25	04
841	2015-10-13	05	06	07	13	18	08
840	2015-10-06	01	05	11	15	31	08
839	2015-09-29	02	06	14	27	30	12
838	2015-09-22	04	06	11	12	15	22
837	2015-09-15	04	05	09	24	25	31
836	2015-09-08	05	15	20	28	29	10
835	2015-09-01	01	09	11	23	29	17
834	2015-08-25	05	13	21	25	26	02
833	2015-08-18	06	09	15	24	28	12
832	2015-08-11	09	10	15	19	31	24
831	2015-08-04	07	09	17	19	21	03
830	2015-07-28	05	06	20	23	29	15
829	2015-07-21	08	12	19	23	31	06
828	2015-07-14	02	08	11	15	26	03
827	2015-07-07	03	04	06	23	31	10
826	2015-06-30	01	08	21	23	27	22
825	2015-06-23	03	08	12	21	26	19
824	2015-06-16	04	16	22	28	29	10
823	2015-06-09	06	10	14	18	23	09
822	2015-06-02	07	08	10	17	28	04
821	2015-05-26	06	08	18	21	23	30
820	2015-05-19	08	12	20	21	31	19
819	2015-05-12	02	09	14	15	24	13
818	2015-05-05	05	09	14	16	18	03
817	2015-04-28	01	10	23	27	29	18
816	2015-04-21	01	05	07	14	18	12
815	2015-04-14	20	21	26	27	28	03
814	2015-04-07	02	03	12	25	31	28
813	2015-03-31	03	06	09	14	15	17
812	2015-03-24	02	16	17	22	25	13
811	2015-03-17	08	09	10	13	21	18
810	2015-03-10	06	12	15	16	31	17
809	2015-03-03	02	08	11	13	25	01
808	2015-02-24	08	09	26	27	30	03
807	2015-02-17	05	07	13	17	19	03
806	2015-02-10	03	11	21	23	28	24
805	2015-02-03	08	09	11	17	30	03
804	2015-01-27	07	08	09	12	29	26
803	2015-01-20	02	04	18	19	27	23
802	2015-01-13	05	09	21	29	31	06
801	2015-01-06	05	07	20	22	25	17
800	2014-12-30	01	19	20	22	25	02
799	2014-12-23	01	02	17	19	26	24
798	2014-12-16	03	08	10	23	27	12
797	2014-12-09	08	09	29	30	31	18
796	2014-12-02	03	10	19	21	30	07
795	2014-11-25	02	06	11	14	18	01
794	2014-11-18	03	04	08	10	31	07
793	2014-11-11	06	10	18	20	31	24
792	2014-11-04	12	13	15	18	22	28
791	2014-10-28	06	16	18	30	31	10
790	2014-10-21	11	13	15	19	21	07
789	2014-10-14	04	05	11	16	31	19
788	2014-10-07	01	21	28	29	30	15
787	2014-09-30	11	15	22	26	31	07
786	2014-09-23	05	06	21	28	29	07
785	2014-09-16	07	21	22	26	28	05
784	2014-09-09	14	19	21	25	29	08
783	2014-09-02	04	05	10	15	20	08
782	2014-08-26	04	07	09	14	21	26
781	2014-08-19	02	07	10	21	24	04
780	2014-08-12	13	15	16	18	20	07
779	2014-08-05	01	08	09	10	13	18
778	2014-07-29	10	13	14	26	30	18
777	2014-07-22	04	10	20	22	24	21
776	2014-07-15	06	14	15	18	31	25
775	2014-07-08	05	06	14	24	31	15
774	2014-07-01	05	06	09	20	30	31
773	2014-06-24	01	02	06	11	26	17
772	2014-06-17	11	14	15	21	27	24
771	2014-06-10	07	11	22	26	30	27
770	2014-06-03	12	18	19	22	30	20
769	2014-05-27	03	11	15	22	24	29
768	2014-05-20	02	03	23	24	27	10
767	2014-05-13	06	08	10	25	31	27
766	2014-05-06	05	08	12	16	28	13
765	2014-04-29	16	19	20	22	31	26
764	2014-04-22	01	02	07	10	11	16
763	2014-04-15	03	05	12	14	18	08
762	2014-04-08	02	03	08	10	29	31
761	2014-04-01	07	14	16	21	31	17
760	2014-03-25	01	07	14	25	30	08
759	2014-03-18	08	18	23	24	30	04
758	2014-03-11	08	14	19	22	24	26
757	2014-03-04	12	15	21	25	27	22
756	2014-02-25	05	08	09	27	30	11
755	2014-02-18	20	21	22	25	27	14
754	2014-02-11	11	12	24	25	30	31
753	2014-02-04	02	10	20	23	24	26
752	2014-01-28	11	23	26	27	31	24
751	2014-01-21	07	15	18	19	30	08
750	2014-01-14	02	05	09	13	19	24
749	2014-01-07	01	11	14	16	30	25
748	2013-12-24	02	06	07	11	15	04
747	2013-12-17	01	12	23	29	30	09
746	2013-12-10	02	10	15	18	20	13
745	2013-12-03	03	10	13	14	22	15
744	2013-11-26	02	04	05	14	24	19
743	2013-11-19	04	15	18	20	30	05
742	2013-11-12	03	05	16	26	31	01
741	2013-11-05	06	11	12	15	25	10
740	2013-10-29	02	04	19	25	28	11
739	2013-10-22	01	04	19	24	31	18
738	2013-10-15	07	11	14	23	29	19
737	2013-10-08	05	12	18	19	23	16
736	2013-10-01	02	14	17	20	27	09
735	2013-09-24	03	14	16	23	30	07
734	2013-09-17	06	08	10	12	13	31
733	2013-09-10	05	09	11	18	20	31
732	2013-09-03	04	06	16	29	31	09
731	2013-08-27	07	09	18	28	30	11
730	2013-08-20	03	05	07	14	22	04
729	2013-08-13	13	16	17	20	29	11
728	2013-08-06	01	09	11	13	28	16
727	2013-07-30	04	07	14	16	24	27
726	2013-07-23	01	02	16	18	25	07
725	2013-07-16	06	11	26	28	30	19
724	2013-07-09	07	14	17	22	29	01
723	2013-07-02	04	07	09	25	31	18
722	2013-06-25	04	06	17	21	30	09
721	2013-06-18	03	05	12	15	22	02
720	2013-06-11	05	11	17	19	20	15
719	2013-06-04	02	09	18	22	27	16
718	2013-05-28	02	11	16	19	24	23
717	2013-05-21	03	05	14	23	26	01
716	2013-05-14	13	18	19	20	24	17
715	2013-05-07	02	03	05	09	22	18
714	2013-04-30	06	10	20	22	31	01
713	2013-04-23	04	13	22	28	31	16
712	2013-04-16	03	07	18	27	31	01
711	2013-04-09	03	05	10	17	25	22
710	2013-04-02	02	15	18	25	26	20
709	2013-03-26	02	05	16	17	18	30
708	2013-03-19	10	11	20	28	29	01
707	2013-03-12	02	11	23	27	29	03
706	2013-03-05	04	06	15	16	29	27
705	2013-02-26	08	16	18	21	22	27
704	2013-02-19	02	11	21	24	25	23
703	2013-02-12	03	10	16	28	31	15
702	2013-02-05	10	12	13	20	23	04
701	2013-01-29	04	08	13	15	26	03
700	2013-01-22	06	08	09	21	26	04
699	2013-01-15	06	12	21	24	28	15
698	2013-01-08	02	03	05	14	24	09
697	2012-12-25	05	07	17	25	27	18
696	2012-12-18	05	09	15	19	30	06
695	2012-12-11	04	19	20	27	28	14
694	2012-12-04	05	12	15	16	20	06
693	2012-11-27	05	17	21	24	25	03
692	2012-11-20	09	13	14	23	31	20
691	2012-11-13	03	09	10	20	25	31
690	2012-11-06	11	16	22	23	25	09
689	2012-10-30	12	13	19	23	25	28
688	2012-10-23	04	05	09	15	26	11
687	2012-10-16	02	09	17	24	29	22
686	2012-10-09	03	05	07	10	18	06
685	2012-10-02	08	11	19	21	30	01
684	2012-09-25	10	12	13	19	25	07
683	2012-09-18	01	07	15	23	26	11
682	2012-09-11	04	08	20	25	27	30
681	2012-09-04	06	12	17	19	30	09
680	2012-08-28	02	03	11	15	24	23
679	2012-08-21	05	11	23	29	31	28
678	2012-08-14	15	17	21	24	25	20
677	2012-08-07	10	16	23	24	30	18
676	2012-07-31	04	06	18	22	28	01
675	2012-07-24	06	21	27	28	31	20
674	2012-07-17	01	02	03	24	25	15
673	2012-07-10	06	12	21	24	25	22
672	2012-07-03	03	08	20	22	28	05
671	2012-06-26	07	14	19	22	27	28
670	2012-06-19	04	06	26	27	29	30
669	2012-06-12	04	07	08	25	31	14
668	2012-06-05	07	09	16	27	29	30
667	2012-05-29	08	09	19	26	31	28
666	2012-05-22	10	11	17	24	29	26
665	2012-05-15	07	12	17	20	28	09
664	2012-05-08	06	09	11	16	29	04
663	2012-05-01	01	09	10	21	31	23
662	2012-04-24	07	09	15	28	31	26
661	2012-04-17	02	06	09	19	20	27
660	2012-04-10	07	12	15	30	31	18
659	2012-04-03	05	09	22	30	31	03
658	2012-03-27	07	08	11	15	26	01
657	2012-03-20	09	14	18	23	30	10
656	2012-03-13	04	10	15	22	23	07
655	2012-03-06	07	09	12	14	18	24
654	2012-02-28	06	11	22	25	27	02
653	2012-02-21	11	16	20	22	30	21
652	2012-02-14	02	05	19	28	29	23
651	2012-02-07	08	11	15	20	31	18
650	2012-01-31	04	11	18	24	26	13
649	2012-01-24	03	11	18	19	21	12
648	2012-01-17	06	13	18	19	21	26
647	2012-01-10	03	06	07	10	21	18
646	2011-12-27	03	06	16	30	31	17
645	2011-12-20	08	13	18	19	24	11
644	2011-12-13	05	13	15	20	27	30
643	2011-12-06	09	11	17	19	22	06
642	2011-11-29	09	22	26	27	31	28
641	2011-11-22	05	11	14	17	22	15
640	2011-11-15	06	15	18	28	31	08
639	2011-11-08	06	14	20	29	31	22
638	2011-11-01	01	16	18	27	30	15
637	2011-10-25	01	05	10	15	21	11
636	2011-10-18	08	13	21	26	30	03
635	2011-10-11	12	13	16	20	29	11
634	2011-10-04	06	14	24	27	31	22
633	2011-09-27	02	12	19	20	30	13
632	2011-09-20	06	14	15	25	26	13
631	2011-09-13	03	15	18	20	25	29
630	2011-09-06	03	04	16	19	31	14
629	2011-08-30	01	03	16	26	29	31
628	2011-08-23	01	02	10	17	20	18
627	2011-08-16	06	10	14	15	20	19
626	2011-08-09	11	12	14	17	26	23
625	2011-08-02	19	20	23	26	31	06
624	2011-07-26	05	07	11	12	24	04
623	2011-07-19	04	09	14	15	26	29
622	2011-07-12	13	14	20	25	27	19
621	2011-07-05	06	12	18	24	30	09
620	2011-06-28	02	14	21	25	31	05
619	2011-06-21	04	07	14	20	30	28
618	2011-06-14	10	12	14	22	31	23
617	2011-06-07	03	09	16	19	28	25
616	2011-05-31	07	18	21	27	28	10
615	2011-05-24	04	12	13	19	20	10
614	2011-05-17	07	16	23	25	30	11
613	2011-05-10	02	16	17	20	28	14
612	2011-05-03	11	18	24	27	30	04
611	2011-04-26	12	18	21	25	30	17
610	2011-04-19	03	08	14	17	30	19
609	2011-04-12	03	14	21	26	30	25
608	2011-04-05	13	19	21	25	29	15
607	2011-03-29	07	08	12	18	30	17
606	2011-03-22	09	20	23	30	31	01
605	2011-03-15	05	06	13	19	28	17
604	2011-03-08	02	11	13	22	25	05
603	2011-03-01	04	05	26	28	30	15
602	2011-02-22	03	14	18	22	25	27
601	2011-02-15	10	14	15	16	24	28
600	2011-02-08	01	02	03	04	22	13
599	2011-02-01	03	07	10	11	29	25
598	2011-01-25	04	15	21	26	30	01
597	2011-01-18	02	13	16	17	19	29
596	2011-01-11	06	09	10	14	27	31
595	2011-01-04	07	11	15	20	23	03
594	2010-12-28	02	05	10	22	30	12
593	2010-12-21	11	14	22	28	29	25
592	2010-12-14	05	06	23	25	26	14
591	2010-12-07	04	08	09	13	19	12
590	2010-11-30	04	07	11	17	19	14
589	2010-11-23	03	10	13	22	26	12
588	2010-11-16	04	11	18	26	31	13
587	2010-11-09	11	17	19	29	30	01
586	2010-11-02	01	05	06	10	15	02
585	2010-10-26	14	19	23	24	31	29
584	2010-10-19	06	09	11	14	22	29
583	2010-10-12	01	03	10	11	16	24
582	2010-10-05	03	14	22	24	30	10
581	2010-09-28	02	06	12	14	30	03
580	2010-09-21	01	04	14	15	26	18
579	2010-09-14	01	04	15	17	23	08
578	2010-09-07	05	11	16	19	30	18
577	2010-08-31	05	10	21	24	25	13
576	2010-08-24	06	08	10	21	23	18
575	2010-08-17	10	16	20	21	27	24
574	2010-08-10	03	07	08	13	15	25
573	2010-08-03	15	21	22	23	29	05
572	2010-07-27	01	06	18	23	29	21
571	2010-07-20	09	22	27	28	29	26
570	2010-07-13	01	02	05	06	10	08
569	2010-07-06	10	17	23	26	28	05
568	2010-06-29	08	12	16	24	30	23
567	2010-06-22	10	12	20	24	25	17
566	2010-06-15	03	08	23	28	30	31
565	2010-06-08	18	19	20	28	29	13
564	2010-06-01	09	17	19	22	29	06
563	2010-05-25	04	05	18	19	30	01
562	2010-05-18	02	07	12	15	17	23
561	2010-05-11	01	05	06	16	25	18
560	2010-05-04	11	13	17	29	30	05
559	2010-04-27	02	04	07	11	16	25
558	2010-04-20	04	10	16	22	30	27
557	2010-04-13	08	18	21	22	28	31
556	2010-04-06	04	06	16	17	24	26
555	2010-03-30	01	15	18	24	29	23
554	2010-03-23	02	06	23	24	28	09
553	2010-03-16	02	13	23	24	30	15
552	2010-03-09	07	11	14	17	28	29
551	2010-03-02	01	02	10	24	31	28
550	2010-02-23	08	16	22	28	31	03
549	2010-02-16	10	12	19	24	25	14
548	2010-02-09	05	06	16	23	29	31
547	2010-02-02	05	23	25	29	31	28
546	2010-01-26	03	08	19	22	29	20
545	2010-01-19	01	15	23	28	29	02
544	2010-01-12	03	09	18	29	30	28
543	2010-01-05	04	07	17	22	25	30
542	2009-12-29	03	09	11	20	27	21
541	2009-12-22	01	09	10	16	23	30
540	2009-12-15	02	19	22	27	29	06
539	2009-12-08	09	18	23	26	29	05
538	2009-12-01	08	10	13	20	21	31
537	2009-11-24	09	10	27	29	30	05
536	2009-11-17	14	18	20	22	24	19
535	2009-11-10	18	20	23	24	31	07
534	2009-11-03	07	22	25	26	30	04
533	2009-10-27	06	13	19	23	31	20
532	2009-10-20	05	10	21	27	28	18
531	2009-10-13	13	21	22	26	27	19
530	2009-10-06	02	03	05	16	19	10
529	2009-09-29	05	07	14	16	20	15
528	2009-09-22	02	11	14	15	21	08
527	2009-09-15	11	13	15	23	25	04
526	2009-09-08	04	05	16	21	31	26
525	2009-09-01	01	14	21	25	27	06
524	2009-08-25	07	10	17	22	24	12
523	2009-08-18	08	17	18	19	24	10
522	2009-08-11	04	19	22	23	27	31
521	2009-08-04	04	09	14	25	26	15
520	2009-07-28	02	03	11	14	30	08
519	2009-07-21	02	09	25	29	31	04
518	2009-07-14	11	16	18	20	27	23
517	2009-07-07	12	26	28	29	30	05
516	2009-06-30	03	12	14	15	26	05
515	2009-06-23	05	21	24	25	26	31
514	2009-06-16	15	16	21	25	30	14
513	2009-06-09	03	11	18	19	25	08
512	2009-06-02	08	14	25	29	30	07
511	2009-05-26	13	16	26	28	31	11
510	2009-05-19	18	19	21	23	30	25
509	2009-05-12	02	13	22	29	30	08
508	2009-05-05	03	06	09	14	25	01
507	2009-04-28	10	19	26	27	28	02
506	2009-04-21	04	14	15	23	24	11
505	2009-04-14	05	16	19	20	22	28
504	2009-04-07	08	10	24	28	31	09
503	2009-03-31	11	18	21	23	27	03
502	2009-03-24	02	03	05	13	14	01
501	2009-03-17	12	13	16	17	21	22
500	2009-03-10	19	20	23	25	28	05
499	2009-03-03	02	08	14	15	26	31
498	2009-02-24	02	15	20	23	30	03
497	2009-02-17	04	21	23	27	28	26
496	2009-02-10	04	10	11	22	30	09
495	2009-02-03	07	10	22	26	27	05
494	2009-01-27	02	10	14	26	28	18
493	2009-01-20	01	11	12	13	17	26
492	2009-01-13	03	08	09	11	20	18
491	2009-01-06	08	10	16	20	23	06
490	2008-12-30	07	09	13	21	24	11
489	2008-12-23	02	04	09	22	31	17
488	2008-12-16	10	15	17	23	29	24
487	2008-12-09	15	17	20	22	29	16
486	2008-12-02	05	08	20	22	26	19
485	2008-11-25	03	08	10	15	31	18
484	2008-11-18	01	03	04	19	29	27
483	2008-11-11	07	20	23	27	29	25
482	2008-11-04	02	16	20	24	29	05
481	2008-10-28	03	07	13	16	25	31
480	2008-10-21	05	07	18	25	31	23
479	2008-10-14	14	22	26	27	29	21
478	2008-10-07	03	17	18	22	25	05
477	2008-09-30	01	04	13	20	28	31
476	2008-09-23	03	10	12	20	24	13
475	2008-09-16	08	09	12	14	24	30
474	2008-09-09	05	12	14	18	23	11
473	2008-09-02	04	05	18	20	26	03
472	2008-08-26	04	15	17	20	21	03
471	2008-08-19	13	17	20	23	30	28
470	2008-08-12	11	15	22	30	31	14
469	2008-08-05	05	09	12	16	19	03
468	2008-07-29	07	08	13	24	27	10
467	2008-07-22	01	02	13	15	23	26
466	2008-07-15	15	16	19	20	29	17
465	2008-07-08	13	18	21	25	28	07
464	2008-07-01	01	12	16	22	28	15
463	2008-06-24	12	13	16	21	23	18
462	2008-06-17	04	19	22	25	29	27
461	2008-06-10	06	12	17	20	26	11
460	2008-06-03	10	11	25	27	30	04
459	2008-05-27	12	13	26	27	29	02
458	2008-05-20	06	08	15	24	31	01
457	2008-05-13	02	16	17	22	28	11
456	2008-05-06	06	08	10	16	20	02
455	2008-04-29	01	10	16	24	26	09
454	2008-04-22	02	05	13	20	24	12
453	2008-04-15	04	07	12	17	27	24
452	2008-04-08	02	12	16	18	30	20
451	2008-04-01	03	07	12	14	16	31
450	2008-03-25	02	05	08	13	27	26
449	2008-03-18	07	08	10	11	20	12
448	2008-03-11	01	07	12	17	18	25
447	2008-03-04	14	17	20	25	26	08
446	2008-02-26	10	11	15	16	17	04
445	2008-02-19	07	16	18	26	31	25
444	2008-02-12	01	11	17	30	31	13
443	2008-02-05	05	17	22	23	30	20
442	2008-01-29	05	08	19	24	30	17
441	2008-01-22	06	08	19	28	30	17
440	2008-01-15	05	12	13	21	30	28
439	2008-01-08	10	17	19	21	23	16
438	2007-12-25	01	02	10	13	21	16
437	2007-12-18	09	13	15	28	31	12
436	2007-12-11	07	08	18	21	24	17
435	2007-12-04	08	19	22	25	27	06
434	2007-11-27	01	06	10	11	22	18
433	2007-11-20	01	12	17	20	27	14
432	2007-11-13	03	09	14	22	25	12
431	2007-11-06	03	12	14	24	25	02
430	2007-10-30	03	07	16	18	21	27
429	2007-10-23	11	18	22	26	30	20
428	2007-10-16	11	20	24	27	29	21
427	2007-10-09	09	14	19	20	26	16
426	2007-10-02	03	15	17	21	26	29
425	2007-09-25	04	10	20	25	28	06
424	2007-09-18	03	04	08	11	31	24
423	2007-09-11	08	14	16	24	31	07
422	2007-09-04	10	12	15	21	27	24
421	2007-08-28	11	14	24	28	29	16
420	2007-08-21	02	10	13	23	27	18
419	2007-08-14	05	12	19	20	27	28
418	2007-08-07	13	16	22	27	30	04
417	2007-07-31	03	09	12	23	24	22
416	2007-07-24	04	06	13	15	22	07
415	2007-07-17	11	16	24	28	30	22
414	2007-07-10	05	07	10	20	27	21
413	2007-07-03	08	14	21	23	29	17
412	2007-06-26	01	05	06	09	23	16
411	2007-06-19	05	08	12	19	22	11
410	2007-06-12	03	10	19	20	31	15
409	2007-06-05	02	11	19	27	28	05
408	2007-05-29	07	12	22	26	30	04
407	2007-05-22	05	15	21	22	31	10
406	2007-05-15	05	13	19	28	29	01
405	2007-05-08	08	09	13	27	31	17
404	2007-05-01	01	08	11	26	28	24
403	2007-04-24	02	05	16	30	31	18
402	2007-04-17	10	20	22	24	27	08
401	2007-04-10	11	13	18	26	30	06
400	2007-04-03	12	20	22	24	25	26
399	2007-03-27	07	13	23	27	31	08
398	2007-03-20	10	17	25	27	31	26
397	2007-03-13	01	14	17	24	25	29
396	2007-03-06	01	06	21	25	28	22
395	2007-02-27	06	21	22	23	31	03
394	2007-02-20	02	05	21	27	31	25
393	2007-02-13	15	17	18	22	30	11
392	2007-02-06	03	13	15	25	30	26
391	2007-01-30	01	10	15	30	31	21
390	2007-01-23	11	14	23	29	30	20
389	2007-01-16	08	11	13	27	30	06
388	2007-01-09	04	08	19	27	31	11
387	2006-12-26	16	26	28	29	30	11
386	2006-12-19	01	03	05	07	23	14
385	2006-12-12	06	14	20	24	27	03
384	2006-12-05	04	09	15	25	29	05
383	2006-11-28	04	07	09	17	31	12
382	2006-11-21	07	09	11	14	23	19
381	2006-11-14	03	09	19	22	23	21
380	2006-11-07	02	11	12	17	31	15
379	2006-10-31	02	08	15	19	28	26
378	2006-10-24	06	08	15	21	24	05
377	2006-10-17	01	12	20	21	30	06
376	2006-10-10	07	13	21	25	28	02
375	2006-10-03	01	10	20	23	24	16
374	2006-09-26	09	17	27	28	29	08
373	2006-09-19	03	05	11	12	29	22
372	2006-09-12	01	05	22	25	30	12
371	2006-09-05	10	12	19	23	31	27
370	2006-08-29	10	12	16	26	28	21
369	2006-08-22	04	10	23	29	30	31
368	2006-08-15	01	08	17	28	29	06
367	2006-08-08	04	06	14	19	31	09
366	2006-08-01	02	11	14	19	30	03
365	2006-07-25	06	10	18	27	28	14
364	2006-07-18	05	09	13	20	23	18
363	2006-07-11	04	10	12	17	22	16
362	2006-07-04	04	17	19	20	31	07
361	2006-06-27	02	04	06	12	30	05
360	2006-06-20	06	11	20	27	28	05
359	2006-06-13	03	11	15	18	19	22
358	2006-06-06	04	13	18	27	31	23
357	2006-05-30	15	24	26	28	29	16
356	2006-05-23	06	11	17	19	22	21
355	2006-05-16	08	09	24	27	29	31
354	2006-05-09	03	06	17	19	30	01
353	2006-05-02	03	13	14	17	25	18
352	2006-04-25	05	07	14	17	30	29
351	2006-04-18	03	06	11	12	27	26
350	2006-04-11	03	09	22	24	28	27
349	2006-04-04	03	05	06	07	12	18
348	2006-03-28	08	09	11	12	18	23
347	2006-03-21	10	11	20	23	27	13
346	2006-03-14	04	14	18	26	31	03
345	2006-03-07	07	14	16	17	29	18
344	2006-02-28	04	09	13	21	23	31
343	2006-02-21	06	10	15	27	30	08
342	2006-02-14	02	15	24	25	27	09
341	2006-02-07	02	05	17	18	26	03
340	2006-01-31	10	14	18	23	25	31
339	2006-01-24	04	09	11	15	23	26
338	2006-01-17	01	03	19	21	27	09
337	2006-01-10	04	07	21	22	23	15
336	2005-12-27	10	14	20	27	28	08
335	2005-12-20	14	16	23	25	31	22
334	2005-12-13	07	12	22	23	25	13
333	2005-12-06	19	21	22	26	28	24
332	2005-11-29	04	09	24	28	29	25
331	2005-11-22	06	19	21	29	30	24
330	2005-11-15	03	13	15	19	24	08
329	2005-11-08	05	14	15	17	29	10
328	2005-11-01	01	02	11	12	18	08
327	2005-10-25	08	14	19	25	28	16
326	2005-10-18	01	03	06	11	25	12
325	2005-10-11	08	11	13	15	28	22
324	2005-10-04	05	06	13	29	30	17
323	2005-09-27	05	15	19	22	27	29
322	2005-09-20	05	08	10	28	31	02
321	2005-09-13	02	11	18	21	27	15
320	2005-09-06	06	07	13	28	30	12
319	2005-08-30	03	20	21	22	27	09
318	2005-08-23	09	18	19	30	31	16
317	2005-08-16	08	10	11	22	23	12
316	2005-08-09	24	25	28	29	30	27
315	2005-08-02	07	11	15	28	31	14
314	2005-07-26	02	07	16	18	20	28
313	2005-07-19	01	07	26	27	31	30
312	2005-07-12	07	12	17	18	21	11
311	2005-07-05	02	17	19	28	29	10
310	2005-06-28	06	14	17	24	25	11
309	2005-06-21	08	14	17	22	23	01
308	2005-06-14	01	13	17	22	27	16
307	2005-06-07	02	10	15	21	28	12
306	2005-05-31	17	20	23	24	31	11
305	2005-05-24	10	11	13	16	24	22
304	2005-05-17	03	10	11	14	20	17
303	2005-05-10	13	14	16	19	25	01
302	2005-05-03	06	07	09	14	20	22
301	2005-04-26	05	11	16	26	31	12
300	2005-04-19	10	13	16	22	28	07
299	2005-04-12	02	09	15	26	31	11
298	2005-04-05	08	10	12	15	22	16
297	2005-03-29	05	09	18	25	30	31
296	2005-03-22	08	14	18	24	29	19
295	2005-03-15	08	14	16	17	26	05
294	2005-03-08	14	23	26	29	31	28
293	2005-03-01	14	15	16	24	25	12
292	2005-02-22	02	07	13	25	31	17
291	2005-02-15	04	08	21	23	26	22
290	2005-02-08	03	08	11	23	30	05
289	2005-02-01	05	06	11	24	28	18
288	2005-01-25	06	16	21	29	31	18
287	2005-01-18	02	07	14	19	21	01
286	2005-01-11	14	15	20	22	30	02
285	2005-01-04	08	17	19	24	26	16
284	2004-12-28	01	05	08	11	18	30
283	2004-12-21	11	15	19	20	29	01
282	2004-12-14	01	02	18	27	29	13
281	2004-12-07	05	07	11	13	21	27
280	2004-11-30	04	09	13	15	19	12
279	2004-11-23	02	07	19	23	25	11
278	2004-11-16	08	12	13	14	24	16
277	2004-11-09	04	14	16	19	22	10
276	2004-11-02	12	16	19	20	23	11
275	2004-10-26	11	16	17	21	22	19
274	2004-10-19	07	08	09	16	25	12
273	2004-10-12	03	05	07	11	17	23
272	2004-10-05	04	16	21	28	29	09
271	2004-09-28	06	13	15	24	31	20
270	2004-09-21	09	10	11	14	19	21
269	2004-09-14	03	07	20	23	29	16
268	2004-09-07	17	18	20	27	31	13
267	2004-08-31	08	14	15	19	25	31
266	2004-08-24	03	08	25	28	31	06
265	2004-08-17	01	03	24	26	28	21
264	2004-08-10	02	04	07	25	30	15
263	2004-08-03	15	25	28	30	31	02
262	2004-07-27	05	19	23	27	28	02
261	2004-07-20	02	03	05	14	29	18
260	2004-07-13	06	07	17	19	23	28
259	2004-07-06	05	07	11	12	23	17
258	2004-06-29	04	06	09	19	22	05
257	2004-06-22	02	09	12	20	31	10
256	2004-06-15	05	09	15	16	27	28
255	2004-06-08	12	17	20	27	29	18
254	2004-06-01	03	07	22	25	29	27
253	2004-05-25	01	03	10	21	25	29
252	2004-05-18	12	18	24	27	31	22
251	2004-05-11	01	03	19	20	23	28
250	2004-05-04	01	03	11	12	31	22
249	2004-04-27	09	11	12	18	20	07
248	2004-04-20	04	13	16	24	29	12
247	2004-04-13	07	11	19	27	31	02
246	2004-04-06	01	12	15	20	23	04
245	2004-03-30	01	10	14	21	28	23
244	2004-03-23	06	11	21	22	25	15
243	2004-03-16	04	11	15	27	28	01
242	2004-03-09	05	12	23	27	31	14
241	2004-03-02	01	02	04	13	26	07
240	2004-02-24	02	06	14	28	29	11
239	2004-02-17	16	18	21	23	27	31
238	2004-02-10	13	15	17	22	25	26
237	2004-02-03	06	08	17	18	28	20
236	2004-01-27	14	17	23	24	29	03
235	2004-01-20	05	06	16	17	31	08
234	2004-01-13	16	18	22	23	26	02
233	2004-01-06	08	14	19	21	29	25
232	2003-12-30	03	12	20	24	26	31
231	2003-12-23	03	04	10	11	24	28
230	2003-12-16	04	16	17	25	26	19
229	2003-12-09	12	19	23	24	30	06
228	2003-12-02	10	17	21	24	27	02
227	2003-11-25	02	04	07	21	30	20
226	2003-11-18	04	12	14	26	30	28
225	2003-11-11	13	14	18	24	26	16
224	2003-11-04	12	16	27	30	31	14
223	2003-10-28	04	10	16	19	22	21
222	2003-10-21	10	18	21	26	28	09
221	2003-10-14	04	08	14	22	26	09
220	2003-10-07	09	10	11	21	29	05
219	2003-09-30	01	15	17	21	28	06
218	2003-09-23	09	16	24	25	29	23
217	2003-09-16	02	08	17	19	23	21
216	2003-09-09	03	07	13	16	17	02
215	2003-09-02	04	15	20	21	28	16
214	2003-08-26	02	08	16	18	28	12
213	2003-08-19	01	02	03	09	29	27
212	2003-08-12	01	05	10	14	30	26
211	2003-08-05	09	10	13	18	22	15
210	2003-07-29	09	10	18	19	29	21
209	2003-07-22	07	17	23	27	29	12
208	2003-07-15	06	10	13	16	17	29
207	2003-07-08	03	04	10	16	25	07
206	2003-07-01	06	08	12	27	31	24
205	2003-06-24	03	04	13	14	23	12
204	2003-06-17	07	18	22	24	29	09
203	2003-06-10	04	10	18	22	25	20
202	2003-06-03	06	10	11	18	31	25
201	2003-05-27	03	05	23	25	26	17
200	2003-05-20	01	04	12	13	18	25
199	2003-05-13	01	09	21	26	29	25
198	2003-05-06	13	20	21	25	28	14
197	2003-04-29	08	18	20	21	31	01
196	2003-04-22	02	04	14	21	22	16
195	2003-04-15	01	02	06	15	23	21
194	2003-04-08	03	06	15	17	23	01
193	2003-04-01	06	08	18	20	22	11
192	2003-03-25	06	07	10	11	17	03
191	2003-03-18	01	06	08	12	13	02
190	2003-03-11	04	05	21	27	29	02
189	2003-03-04	09	16	22	25	26	03
188	2003-02-25	07	16	24	25	28	30
187	2003-02-18	04	06	17	24	25	01
186	2003-02-11	08	12	20	21	25	22
185	2003-02-04	07	19	20	25	28	02
184	2003-01-28	02	10	23	30	31	16
183	2003-01-21	03	09	13	25	26	07
182	2003-01-14	02	10	14	23	24	06
181	2003-01-07	01	03	14	16	26	12
180	2002-12-24	17	18	19	21	28	22
179	2002-12-17	01	07	26	30	31	12
178	2002-12-10	03	24	26	28	31	20
177	2002-12-03	07	13	17	21	30	20
176	2002-11-26	12	14	24	26	30	18
175	2002-11-19	08	12	17	19	24	05
174	2002-11-12	01	03	08	21	22	02
173	2002-11-05	11	18	20	22	29	10
172	2002-10-29	01	04	14	21	28	03
171	2002-10-22	02	06	09	12	31	17
170	2002-10-15	02	07	14	20	22	05
169	2002-10-08	08	15	18	25	31	13
168	2002-10-01	02	08	11	16	30	17
167	2002-09-24	11	19	20	25	26	23
166	2002-09-17	08	13	21	24	28	16
165	2002-09-10	09	16	24	25	26	20
164	2002-09-03	07	09	16	26	30	28
163	2002-08-27	01	12	13	16	28	31
162	2002-08-20	06	14	17	23	31	20
161	2002-08-13	02	03	04	17	19	08
160	2002-08-06	04	23	24	30	31	27
159	2002-07-30	07	11	16	23	24	13
158	2002-07-23	03	14	16	20	31	25
157	2002-07-16	01	05	14	18	20	06
156	2002-07-09	02	03	13	19	31	15
155	2002-07-02	09	10	16	21	23	04
154	2002-06-25	02	10	16	19	22	17
153	2002-06-18	02	03	08	23	29	06
152	2002-06-11	01	02	11	22	30	27
151	2002-06-04	04	10	13	14	19	12
150	2002-05-28	02	11	16	24	26	04
149	2002-05-21	05	06	17	27	28	20
148	2002-05-14	02	07	19	26	31	24
147	2002-05-07	05	10	21	27	28	02
146	2002-04-30	01	06	11	12	18	08
145	2002-04-23	13	14	19	24	28	03
144	2002-04-16	04	13	14	19	28	05
143	2002-04-09	17	18	20	23	26	06
142	2002-04-02	10	11	24	25	30	08
141	2002-03-26	04	06	09	20	24	16
140	2002-03-19	08	09	17	20	29	06
139	2002-03-12	14	17	20	26	28	23
138	2002-03-05	01	04	21	30	31	16
137	2002-02-26	03	15	20	25	28	30
136	2002-02-19	05	11	14	18	28	08
135	2002-02-12	04	07	08	09	24	20
134	2002-02-05	04	05	13	16	18	20
133	2002-01-29	04	07	11	18	31	27
132	2002-01-22	07	13	17	19	24	18
131	2002-01-15	01	09	12	18	21	15
130	2002-01-08	03	04	11	17	26	05
129	2001-12-25	02	13	20	25	30	12
128	2001-12-18	03	06	22	24	27	26
127	2001-12-11	08	09	18	29	31	24
126	2001-12-04	07	16	18	22	25	21
125	2001-11-27	02	21	22	27	29	24
124	2001-11-20	05	07	17	19	27	09
123	2001-11-13	01	05	06	13	15	21
122	2001-11-06	01	08	23	27	28	09
121	2001-10-30	05	17	18	24	30	20
120	2001-10-23	08	12	14	18	27	24
119	2001-10-16	12	14	25	29	30	05
118	2001-10-09	02	04	12	20	23	14
117	2001-10-02	05	11	12	23	24	03
116	2001-09-25	02	07	13	18	23	11
115	2001-09-18	10	15	29	30	31	16
114	2001-09-11	03	05	06	07	11	08
113	2001-09-04	01	02	06	16	28	04
112	2001-08-28	05	07	15	26	27	01
111	2001-08-21	10	19	24	27	31	06
110	2001-08-14	03	07	13	22	27	02
109	2001-08-07	03	05	15	19	22	25
108	2001-07-31	06	10	20	27	29	19
107	2001-07-24	04	08	12	26	27	18
106	2001-07-17	03	05	11	12	18	02
105	2001-07-10	06	11	14	21	27	20
104	2001-07-03	03	04	07	21	30	31
103	2001-06-26	10	13	19	21	30	14
102	2001-06-19	05	10	11	25	28	23
101	2001-06-12	02	10	11	13	26	22
100	2001-06-05	11	12	19	20	31	03
99	2001-05-29	03	07	10	13	15	26
98	2001-05-22	01	02	09	11	20	04
97	2001-05-15	06	12	15	19	22	03
96	2001-05-08	01	05	06	14	27	17
95	2001-05-01	04	05	07	08	31	26
94	2001-04-24	16	19	20	26	29	27
93	2001-04-17	11	15	22	26	27	08
92	2001-04-10	02	03	11	22	30	31
91	2001-04-03	08	09	15	18	22	03
90	2001-03-27	06	12	14	21	27	15
89	2001-03-20	05	07	24	27	29	14
88	2001-03-13	04	19	26	27	30	03
87	2001-03-06	01	05	12	23	27	14
86	2001-02-27	02	08	13	20	24	09
85	2001-02-20	09	11	14	20	29	02
84	2001-02-13	01	15	29	30	31	16
83	2001-02-06	01	06	11	23	26	03
82	2001-01-30	01	03	11	27	30	08
81	2001-01-23	01	07	10	16	25	18
80	2001-01-16	07	10	13	18	22	04
79	2001-01-09	02	13	16	26	30	11
78	2000-12-26	04	11	19	20	22	28
77	2000-12-19	02	03	10	22	26	23
76	2000-12-12	06	11	13	16	23	03
75	2000-12-05	07	14	16	17	29	01
74	2000-11-28	04	06	16	22	28	09
73	2000-11-21	04	06	08	26	30	07
72	2000-11-14	08	10	24	28	30	12
71	2000-11-07	11	17	18	22	30	02
70	2000-10-31	01	05	07	17	21	15
69	2000-10-24	05	06	09	23	30	02
68	2000-10-17	05	06	21	22	24	11
67	2000-10-10	04	05	08	14	27	06
66	2000-10-03	05	06	12	17	20	01
65	2000-09-26	08	09	10	17	23	15
64	2000-09-19	05	10	11	12	23	15
63	2000-09-12	03	05	06	22	28	01
62	2000-09-05	05	10	13	17	29	06
61	2000-08-29	09	23	24	29	30	05
60	2000-08-22	16	17	22	23	26	30
59	2000-08-15	09	15	20	21	22	10
58	2000-08-08	01	02	04	10	24	20
57	2000-08-01	03	21	23	27	29	13
56	2000-07-25	01	03	07	10	27	16
55	2000-07-18	04	10	11	18	31	03
54	2000-07-11	04	05	15	18	21	16
53	2000-07-04	04	13	14	15	17	30
52	2000-06-27	04	10	12	26	31	20
51	2000-06-20	05	07	15	16	31	02
50	2000-06-13	04	05	06	08	10	26
49	2000-06-06	10	13	14	23	25	12
48	2000-05-30	02	09	11	13	31	18
47	2000-05-23	02	06	08	17	29	10
46	2000-05-16	02	10	22	23	26	06
45	2000-05-09	07	13	19	24	26	11
44	2000-05-02	05	18	20	25	27	11
43	2000-04-25	03	06	11	16	30	05
42	2000-04-18	02	05	19	24	31	28
41	2000-04-11	10	16	19	22	26	29
40	2000-04-04	04	16	24	25	27	05
39	2000-03-28	01	09	15	26	30	11
38	2000-03-21	11	16	17	19	31	04
37	2000-03-14	06	07	10	16	31	20
36	2000-03-07	04	08	15	16	21	25
35	2000-02-29	10	11	18	24	26	29
34	2000-02-22	04	09	18	28	29	12
33	2000-02-15	02	03	08	09	30	23
32	2000-02-08	02	11	13	16	24	20
31	2000-02-01	14	20	21	24	28	17
30	2000-01-25	10	15	17	18	30	16
29	2000-01-18	09	12	17	26	31	15
28	2000-01-11	02	09	15	22	29	11
27	2000-01-04	10	16	20	21	31	14
26	1999-12-28	07	08	09	14	15	04
25	1999-12-21	02	03	07	18	29	15
24	1999-12-14	12	14	19	26	28	15
23	1999-12-07	02	13	18	22	26	15
22	1999-11-30	04	06	26	28	30	14
21	1999-11-23	03	15	22	25	31	06
20	1999-11-16	14	20	22	25	30	15
19	1999-11-09	02	09	10	22	27	01
18	1999-11-02	01	14	16	23	25	27
17	1999-10-26	10	18	20	25	27	01
16	1999-10-19	02	20	24	26	27	23
15	1999-10-12	06	08	17	23	24	22
14	1999-10-05	02	21	24	26	29	28
13	1999-09-28	06	11	18	25	28	20
12	1999-09-14	05	09	13	16	19	21
11	1999-08-31	17	18	19	20	30	31
10	1999-08-17	08	19	21	23	30	05
9	1999-08-03	02	11	12	13	28	15
8	1999-07-20	22	24	25	28	30	21
7	1999-07-06	03	24	25	26	31	02
6	1999-06-22	02	11	16	24	29	04
5	1999-06-08	08	09	15	21	25	23
4	1999-05-25	11	12	14	20	31	29
3	1999-05-11	01	08	10	24	30	28
2	1999-04-27	02	11	12	21	30	28
1	1999-04-13	01	03	17	20	25	26
