1627	2021-10-07	21	22	23	26	36	38	13
1626	2021-10-04	09	11	19	23	30	43	27
1625	2021-09-30	01	04	08	11	30	42	09
1624	2021-09-27	03	05	17	25	33	39	19
1623	2021-09-23	07	12	15	17	19	29	22
1622	2021-09-20	16	29	34	35	40	41	26
1621	2021-09-16	03	10	22	23	26	39	01
1620	2021-09-13	07	15	19	24	25	28	11
1619	2021-09-09	03	05	17	20	24	38	13
1618	2021-09-06	02	10	14	17	37	43	38
1617	2021-09-02	02	19	21	24	26	41	23
1616	2021-08-30	01	04	06	21	34	41	12
1615	2021-08-26	02	05	06	13	19	29	25
1614	2021-08-23	04	05	20	29	40	43	24
1613	2021-08-19	09	17	22	25	30	41	15
1612	2021-08-16	05	08	12	16	27	38	42
1611	2021-08-12	03	14	16	24	32	36	34
1610	2021-08-09	01	08	13	22	41	42	40
1609	2021-08-05	04	12	16	34	35	41	05
1608	2021-08-02	10	18	22	23	25	35	19
1607	2021-07-29	10	13	14	15	17	22	40
1606	2021-07-26	18	23	25	26	32	34	43
1605	2021-07-22	02	05	08	20	29	40	06
1604	2021-07-19	12	21	23	36	37	38	06
1603	2021-07-15	04	06	32	35	40	42	26
1602	2021-07-12	01	02	07	14	32	42	33
1601	2021-07-08	06	13	17	18	21	41	37
1600	2021-07-05	07	14	22	35	37	39	24
1599	2021-07-01	01	02	20	22	35	38	04
1598	2021-06-28	09	11	26	28	39	43	01
1597	2021-06-24	02	03	08	17	23	32	12
1596	2021-06-21	10	15	30	35	42	43	26
1595	2021-06-17	16	21	30	32	40	43	15
1594	2021-06-14	01	05	06	13	34	36	18
1593	2021-06-10	06	17	18	36	37	38	16
1592	2021-06-07	04	16	25	30	36	43	19
1591	2021-06-03	07	09	18	21	26	43	14
1590	2021-05-31	10	12	15	29	33	42	17
1589	2021-05-27	11	21	25	31	36	39	32
1588	2021-05-24	06	16	27	31	32	34	11
1587	2021-05-20	16	21	22	27	36	43	37
1586	2021-05-17	02	13	19	27	40	42	14
1585	2021-05-13	02	06	10	13	16	32	09
1584	2021-05-10	13	15	18	30	37	43	09
1583	2021-05-06	05	07	16	34	39	41	29
1582	2021-05-03	18	32	35	36	39	41	28
1581	2021-04-29	06	12	30	31	41	43	01
1580	2021-04-26	05	07	11	12	24	31	03
1579	2021-04-22	23	29	32	33	37	42	01
1578	2021-04-19	03	15	17	19	21	34	04
1577	2021-04-15	13	14	15	28	37	39	04
1576	2021-04-12	05	07	10	17	29	32	37
1575	2021-04-08	02	08	15	24	32	39	09
1574	2021-04-05	01	02	03	20	31	32	13
1573	2021-04-01	02	10	16	38	39	43	11
1572	2021-03-29	04	06	10	19	28	38	40
1571	2021-03-25	01	02	05	25	40	41	26
1570	2021-03-22	01	19	22	23	31	36	24
1569	2021-03-18	02	08	29	31	32	33	16
1568	2021-03-15	02	05	07	10	16	34	14
1567	2021-03-11	05	07	19	26	37	40	34
1566	2021-03-08	12	13	20	24	30	35	34
1565	2021-03-04	05	09	17	28	30	37	27
1564	2021-03-01	05	06	18	20	27	37	07
1563	2021-02-25	01	12	20	26	35	37	02
1562	2021-02-22	02	04	15	16	26	33	25
1561	2021-02-18	12	15	26	34	35	38	07
1560	2021-02-15	07	19	24	32	40	42	22
1559	2021-02-11	04	15	17	20	26	31	43
1558	2021-02-08	01	12	25	27	39	42	16
1557	2021-02-04	05	21	22	23	26	39	31
1556	2021-02-01	10	19	28	30	38	42	18
1555	2021-01-28	02	08	17	23	24	27	05
1554	2021-01-25	06	14	16	27	40	42	26
1553	2021-01-21	07	08	16	32	41	42	31
1552	2021-01-18	05	09	15	30	32	39	11
1551	2021-01-14	03	14	18	24	38	43	23
1550	2021-01-11	08	11	22	32	37	42	41
1549	2021-01-07	04	05	27	28	35	41	33
1548	2021-01-04	18	24	26	35	39	42	32
1547	2020-12-28	04	11	14	17	22	39	21
1546	2020-12-24	01	18	19	24	31	40	16
1545	2020-12-21	08	14	15	26	37	43	12
1544	2020-12-17	03	11	25	26	39	42	34
1543	2020-12-14	17	21	26	33	36	38	34
1542	2020-12-10	11	12	16	17	20	36	18
1541	2020-12-07	12	26	28	32	33	35	41
1540	2020-12-03	01	20	25	28	33	37	31
1539	2020-11-30	13	29	33	37	41	42	43
1538	2020-11-26	08	14	19	33	35	40	38
1537	2020-11-23	06	13	14	32	33	37	20
1536	2020-11-19	02	05	09	30	37	40	28
1535	2020-11-16	01	09	14	30	35	38	32
1534	2020-11-12	01	09	18	22	24	43	39
1533	2020-11-09	15	22	27	37	38	41	05
1532	2020-11-05	02	09	14	16	17	21	34
1531	2020-11-02	02	06	07	10	30	33	14
1530	2020-10-29	02	05	10	34	37	40	07
1529	2020-10-26	03	19	26	28	33	40	01
1528	2020-10-22	01	14	17	34	35	37	16
1527	2020-10-19	02	05	09	11	27	32	33
1526	2020-10-15	04	17	19	21	39	41	36
1525	2020-10-12	03	07	20	21	28	32	24
1524	2020-10-08	02	03	15	24	30	43	39
1523	2020-10-05	02	15	17	25	34	38	27
1522	2020-10-01	05	17	21	22	32	35	41
1521	2020-09-28	17	21	22	40	41	42	13
1520	2020-09-24	01	06	11	13	30	33	04
1519	2020-09-21	05	08	20	21	27	43	09
1518	2020-09-17	06	15	16	22	36	41	20
1517	2020-09-14	14	25	27	30	39	41	08
1516	2020-09-10	25	32	34	37	41	42	28
1515	2020-09-07	05	09	17	21	27	29	30
1514	2020-09-03	11	16	22	29	37	43	14
1513	2020-08-31	13	14	18	19	25	42	05
1512	2020-08-27	01	11	12	24	32	38	39
1511	2020-08-24	11	16	22	24	38	40	06
1510	2020-08-20	08	13	17	18	21	38	23
1509	2020-08-17	06	11	12	34	36	41	43
1508	2020-08-13	09	13	28	29	32	40	41
1507	2020-08-10	19	20	22	30	35	43	29
1506	2020-08-06	10	12	19	28	35	41	39
1505	2020-08-03	01	02	14	15	21	34	19
1504	2020-07-30	05	07	09	21	42	43	35
1503	2020-07-27	01	08	16	35	40	42	20
1502	2020-07-23	01	17	25	28	32	42	26
1501	2020-07-20	06	10	13	25	31	38	15
1500	2020-07-16	19	21	22	28	29	30	04
1499	2020-07-13	10	11	27	28	29	37	13
1498	2020-07-09	01	06	07	09	31	37	43
1497	2020-07-06	06	22	28	30	35	37	08
1496	2020-07-02	05	09	13	16	17	34	37
1495	2020-06-29	18	24	32	34	37	41	22
1494	2020-06-25	08	15	17	24	26	38	27
1493	2020-06-22	11	18	24	27	37	38	15
1492	2020-06-18	04	16	18	32	38	42	36
1491	2020-06-15	08	11	23	31	34	37	01
1490	2020-06-11	07	19	24	29	39	43	11
1489	2020-06-08	04	06	11	13	23	32	01
1488	2020-06-04	04	10	11	17	34	37	38
1487	2020-06-01	05	07	09	17	24	35	36
1486	2020-05-28	18	24	29	33	39	42	34
1485	2020-05-25	09	10	18	27	28	35	37
1484	2020-05-21	04	12	17	18	23	41	28
1483	2020-05-18	03	10	20	23	29	43	22
1482	2020-05-14	08	26	28	32	41	43	14
1481	2020-05-11	03	09	21	31	41	42	18
1480	2020-05-07	02	04	05	06	24	34	39
1479	2020-05-04	01	20	30	32	35	37	33
1478	2020-04-30	07	12	15	21	40	42	32
1477	2020-04-27	04	13	14	25	27	32	01
1476	2020-04-23	06	22	38	40	41	42	35
1475	2020-04-20	06	07	09	20	21	27	02
1474	2020-04-16	04	06	08	22	27	32	26
1473	2020-04-13	01	05	06	27	33	38	11
1472	2020-04-09	01	06	07	09	23	40	43
1471	2020-04-06	01	03	08	32	37	43	24
1470	2020-04-02	04	08	14	16	39	40	23
1469	2020-03-30	04	09	10	13	24	27	22
1468	2020-03-26	04	08	15	24	25	31	26
1467	2020-03-23	03	14	16	25	26	38	07
1466	2020-03-19	06	10	15	18	32	40	35
1465	2020-03-16	11	15	16	24	28	38	03
1464	2020-03-12	08	13	14	18	29	31	23
1463	2020-03-09	18	29	32	34	35	39	36
1462	2020-03-05	04	18	19	28	33	36	09
1461	2020-03-02	05	07	08	18	22	26	24
1460	2020-02-27	03	06	10	15	29	30	04
1459	2020-02-24	02	17	19	24	28	29	07
1458	2020-02-20	04	16	19	22	26	29	06
1457	2020-02-17	01	03	11	17	20	37	29
1456	2020-02-13	02	18	19	24	29	31	33
1455	2020-02-10	01	10	12	22	34	43	23
1454	2020-02-06	03	15	19	34	37	40	41
1453	2020-02-03	10	22	26	27	28	41	39
1452	2020-01-30	17	19	29	31	37	39	35
1451	2020-01-27	02	06	10	20	24	43	34
1450	2020-01-23	24	25	26	27	34	36	03
1449	2020-01-20	06	19	20	26	34	38	04
1448	2020-01-16	10	12	25	29	32	41	40
1447	2020-01-13	02	09	12	13	14	22	10
1446	2020-01-09	02	05	11	20	21	32	13
1445	2019-12-30	03	14	24	29	30	42	21
1444	2019-12-26	11	20	24	25	30	37	14
1443	2019-12-23	02	04	08	10	22	33	28
1442	2019-12-19	12	21	35	36	40	43	39
1441	2019-12-16	12	22	24	33	35	42	36
1440	2019-12-12	01	07	20	31	41	42	28
1439	2019-12-09	11	17	23	28	34	41	04
1438	2019-12-05	02	05	06	20	33	38	22
1437	2019-12-02	03	11	24	25	37	40	14
1436	2019-11-28	03	07	17	18	30	36	33
1435	2019-11-25	02	04	16	21	22	40	09
1434	2019-11-21	02	20	30	38	39	40	04
1433	2019-11-18	03	05	12	16	38	42	06
1432	2019-11-14	04	05	15	32	33	43	13
1431	2019-11-11	02	27	28	33	38	40	30
1430	2019-11-07	04	07	09	12	20	28	03
1429	2019-11-04	04	08	13	18	21	23	22
1428	2019-10-31	16	18	19	34	35	36	06
1427	2019-10-28	01	07	25	26	38	41	31
1426	2019-10-24	04	13	17	19	30	43	24
1425	2019-10-21	01	24	28	33	35	42	27
1424	2019-10-17	06	07	25	26	33	36	19
1423	2019-10-14	11	24	29	36	37	42	13
1422	2019-10-10	12	14	17	20	24	30	39
1421	2019-10-07	02	14	20	23	37	43	30
1420	2019-10-03	01	02	14	16	22	28	04
1419	2019-09-30	05	10	11	12	21	37	41
1418	2019-09-26	04	21	32	35	42	43	15
1417	2019-09-23	03	10	25	26	27	31	05
1416	2019-09-19	02	09	10	15	24	36	13
1415	2019-09-16	01	03	07	34	39	40	33
1414	2019-09-12	12	19	21	26	40	41	20
1413	2019-09-09	07	13	17	21	24	26	12
1412	2019-09-05	02	19	24	25	32	42	08
1411	2019-09-02	02	05	07	20	25	28	03
1410	2019-08-29	08	14	17	25	36	41	23
1409	2019-08-26	05	06	08	20	22	25	13
1408	2019-08-22	02	17	24	26	34	43	32
1407	2019-08-19	10	13	19	28	33	39	15
1406	2019-08-15	20	24	27	29	34	35	43
1405	2019-08-12	03	04	06	19	23	24	42
1404	2019-08-08	02	17	29	37	38	39	05
1403	2019-08-05	01	03	10	27	34	41	22
1402	2019-08-01	10	24	26	33	36	42	28
1401	2019-07-29	02	13	23	24	25	33	36
1400	2019-07-25	08	10	26	31	34	39	36
1399	2019-07-22	07	20	21	33	41	43	08
1398	2019-07-18	23	29	34	35	40	43	42
1397	2019-07-15	09	18	19	21	25	26	07
1396	2019-07-11	03	07	11	15	23	41	21
1395	2019-07-08	05	16	18	27	30	43	25
1394	2019-07-04	08	09	35	36	42	43	22
1393	2019-07-01	07	11	26	32	42	43	24
1392	2019-06-27	06	09	12	19	40	42	07
1391	2019-06-24	03	12	23	31	36	42	43
1390	2019-06-20	10	11	13	28	34	39	35
1389	2019-06-17	06	16	21	23	26	42	43
1388	2019-06-13	09	10	12	15	29	37	11
1387	2019-06-10	11	27	29	30	37	38	33
1386	2019-06-06	04	11	14	15	20	38	35
1385	2019-06-03	09	20	28	35	41	43	23
1384	2019-05-30	03	06	13	32	38	43	40
1383	2019-05-27	02	04	09	15	18	39	24
1382	2019-05-23	08	09	12	25	26	28	32
1381	2019-05-20	02	04	05	16	19	38	25
1380	2019-05-16	01	03	24	26	29	33	42
1379	2019-05-13	01	02	19	21	24	37	32
1378	2019-05-09	01	10	15	24	35	43	09
1377	2019-05-06	01	07	13	24	40	43	20
1376	2019-05-02	02	05	22	31	32	43	27
1375	2019-04-29	02	05	21	22	31	38	28
1374	2019-04-25	01	04	05	19	23	35	36
1373	2019-04-22	01	10	13	18	20	41	11
1372	2019-04-18	03	05	10	21	33	39	08
1371	2019-04-15	04	05	06	07	24	28	30
1370	2019-04-11	08	22	24	30	40	41	02
1369	2019-04-08	12	15	25	32	41	43	07
1368	2019-04-04	06	11	17	20	34	35	10
1367	2019-04-01	03	08	11	14	22	41	34
1366	2019-03-28	14	15	17	29	31	39	10
1365	2019-03-25	04	07	14	20	31	41	32
1364	2019-03-21	05	13	14	16	25	27	03
1363	2019-03-18	02	05	23	36	37	41	43
1362	2019-03-14	08	16	19	28	36	39	01
1361	2019-03-11	03	04	12	18	28	38	32
1360	2019-03-07	04	09	10	16	17	42	23
1359	2019-03-04	06	08	14	18	25	41	09
1358	2019-02-28	09	15	23	27	29	40	28
1357	2019-02-25	02	03	08	15	19	28	21
1356	2019-02-21	04	06	10	16	24	43	12
1355	2019-02-18	05	15	27	29	34	37	12
1354	2019-02-14	04	25	27	28	32	41	26
1353	2019-02-11	02	11	12	19	21	24	36
1352	2019-02-07	05	06	09	15	19	36	22
1351	2019-02-04	08	14	18	22	28	29	05
1350	2019-01-31	07	08	09	10	20	38	16
1349	2019-01-28	02	16	19	32	34	42	33
1348	2019-01-24	01	02	14	19	21	33	43
1347	2019-01-21	08	10	11	18	36	43	07
1346	2019-01-17	05	10	22	27	38	42	36
1345	2019-01-14	01	15	26	27	29	33	18
1344	2019-01-10	08	16	20	28	37	43	29
1343	2019-01-07	02	08	10	12	19	23	16
1342	2018-12-27	01	04	09	16	23	31	42
1341	2018-12-24	09	12	15	16	26	39	34
1340	2018-12-20	06	15	18	20	26	29	09
1339	2018-12-17	01	10	15	33	34	42	39
1338	2018-12-13	02	06	23	25	30	31	35
1337	2018-12-10	03	06	21	28	29	34	15
1336	2018-12-06	04	05	11	19	31	34	43
1335	2018-12-03	10	16	19	34	35	39	04
1334	2018-11-29	01	02	07	14	29	43	40
1333	2018-11-26	02	09	15	22	26	35	05
1332	2018-11-22	05	15	18	22	33	40	06
1331	2018-11-19	02	14	30	31	38	39	26
1330	2018-11-15	02	19	24	32	36	43	30
1329	2018-11-12	11	15	18	22	37	42	31
1328	2018-11-08	07	09	23	32	37	40	41
1327	2018-11-05	02	03	13	22	23	30	27
1326	2018-11-01	02	03	09	12	30	41	21
1325	2018-10-29	08	18	23	26	33	38	34
1324	2018-10-25	01	07	08	17	25	42	11
1323	2018-10-22	05	06	10	24	29	40	26
1322	2018-10-18	02	03	13	28	32	37	07
1321	2018-10-15	10	24	31	40	41	43	33
1320	2018-10-11	04	06	12	16	17	34	28
1319	2018-10-08	09	10	19	21	28	30	43
1318	2018-10-04	02	03	07	14	19	41	34
1317	2018-10-01	06	10	13	19	32	43	22
1316	2018-09-27	06	16	26	35	36	39	14
1315	2018-09-24	03	08	23	30	32	40	31
1314	2018-09-20	03	10	20	21	27	33	39
1313	2018-09-17	05	12	21	31	36	43	27
1312	2018-09-13	13	24	25	26	32	39	06
1311	2018-09-10	12	23	26	29	36	37	15
1310	2018-09-06	09	24	25	27	34	36	14
1309	2018-09-03	24	32	34	36	41	43	23
1308	2018-08-30	06	09	10	15	34	39	03
1307	2018-08-27	06	25	27	28	30	43	14
1306	2018-08-23	07	11	23	36	38	41	37
1305	2018-08-20	04	06	19	36	38	40	28
1304	2018-08-16	06	25	30	38	40	42	17
1303	2018-08-13	07	10	24	33	35	42	43
1302	2018-08-09	04	07	25	30	34	43	38
1301	2018-08-06	06	07	09	16	30	41	22
1300	2018-08-02	03	18	25	26	32	33	27
1299	2018-07-30	03	12	24	28	38	39	10
1298	2018-07-26	04	06	15	22	30	42	07
1297	2018-07-23	01	02	07	29	34	42	41
1296	2018-07-19	05	11	15	16	23	32	04
1295	2018-07-16	14	23	31	37	39	43	32
1294	2018-07-12	07	14	18	26	28	39	02
1293	2018-07-09	02	05	15	27	30	35	11
1292	2018-07-05	01	18	29	30	31	37	35
1291	2018-07-02	02	06	08	12	13	17	01
1290	2018-06-28	18	24	27	32	35	41	10
1289	2018-06-25	06	09	16	24	29	37	03
1288	2018-06-21	08	09	19	24	35	43	11
1287	2018-06-18	09	21	23	34	37	38	40
1286	2018-06-14	11	32	37	39	41	42	43
1285	2018-06-11	07	08	13	36	38	42	06
1284	2018-06-07	04	14	17	21	24	39	07
1283	2018-06-04	01	26	27	30	37	38	04
1282	2018-05-31	01	04	10	11	24	28	29
1281	2018-05-28	03	07	09	15	29	40	17
1280	2018-05-24	01	09	11	21	29	36	07
1279	2018-05-21	04	10	16	17	20	24	31
1278	2018-05-17	03	04	18	28	34	36	06
1277	2018-05-14	12	16	20	22	31	43	33
1276	2018-05-10	05	06	09	11	16	35	22
1275	2018-05-07	07	19	21	28	40	41	03
1274	2018-05-03	03	15	18	23	31	37	34
1273	2018-04-30	18	20	22	26	34	37	04
1272	2018-04-26	04	09	13	32	37	38	42
1271	2018-04-23	01	11	14	27	39	42	32
1270	2018-04-19	09	10	24	30	35	40	38
1269	2018-04-16	09	10	11	33	39	42	25
1268	2018-04-12	08	11	15	22	35	36	30
1267	2018-04-09	04	18	31	33	34	41	09
1266	2018-04-05	03	12	16	23	25	28	17
1265	2018-04-02	05	20	26	27	28	33	12
1264	2018-03-29	01	06	27	33	35	43	15
1263	2018-03-26	03	08	13	14	31	37	06
1262	2018-03-22	04	11	15	20	24	43	10
1261	2018-03-19	09	20	26	29	30	34	42
1260	2018-03-15	03	08	16	19	25	26	32
1259	2018-03-12	10	16	20	26	33	36	41
1258	2018-03-08	08	14	20	25	31	41	35
1257	2018-03-05	01	11	19	23	32	37	14
1256	2018-03-01	02	05	16	32	35	41	25
1255	2018-02-26	02	14	15	27	40	43	41
1254	2018-02-22	07	08	11	15	36	39	37
1253	2018-02-19	01	12	14	24	33	37	15
1252	2018-02-15	04	15	18	19	22	29	37
1251	2018-02-12	21	28	31	33	34	40	23
1250	2018-02-08	03	10	18	22	23	40	27
1249	2018-02-05	05	08	15	20	25	27	06
1248	2018-02-01	02	06	14	28	34	37	03
1247	2018-01-29	04	07	17	18	26	36	35
1246	2018-01-25	04	10	11	23	36	37	34
1245	2018-01-22	13	15	27	30	31	39	08
1244	2018-01-18	10	15	17	18	20	41	35
1243	2018-01-15	23	24	32	37	41	42	29
1242	2018-01-11	12	22	28	34	37	42	33
1241	2018-01-08	04	07	15	17	23	25	08
1240	2018-01-04	15	18	22	36	37	39	26
1239	2017-12-28	02	19	27	28	30	38	22
1238	2017-12-25	08	14	28	29	33	40	32
1237	2017-12-21	01	04	06	35	38	40	27
1236	2017-12-18	01	03	11	26	38	39	34
1235	2017-12-14	08	17	24	34	36	42	33
1234	2017-12-11	07	11	16	20	30	40	28
1233	2017-12-07	02	07	12	21	29	33	16
1232	2017-12-04	05	10	14	31	35	38	16
1231	2017-11-30	01	14	16	24	32	36	02
1230	2017-11-27	01	02	06	09	17	38	34
1229	2017-11-23	10	28	35	37	39	43	16
1228	2017-11-20	06	18	19	25	28	40	03
1227	2017-11-16	01	08	14	28	40	43	06
1226	2017-11-13	07	08	28	34	37	41	13
1225	2017-11-09	19	22	25	30	33	34	36
1224	2017-11-06	05	18	33	38	41	43	06
1223	2017-11-02	12	22	28	30	36	43	34
1222	2017-10-30	01	05	07	11	29	39	40
1221	2017-10-26	03	10	11	31	33	36	21
1220	2017-10-23	09	15	21	23	32	42	14
1219	2017-10-19	14	22	24	36	39	42	32
1218	2017-10-16	05	08	13	20	28	42	35
1217	2017-10-12	14	16	17	34	36	41	25
1216	2017-10-09	08	14	25	39	42	43	37
1215	2017-10-05	03	06	09	15	21	42	07
1214	2017-10-02	02	19	23	30	33	36	40
1213	2017-09-28	03	13	22	26	30	39	01
1212	2017-09-25	02	16	27	35	40	42	25
1211	2017-09-21	03	08	24	25	26	28	43
1210	2017-09-18	05	06	12	16	23	36	09
1209	2017-09-14	11	12	24	32	38	40	07
1208	2017-09-11	05	14	20	30	38	41	08
1207	2017-09-07	06	16	17	20	22	43	34
1206	2017-09-04	11	19	20	26	32	33	22
1205	2017-08-31	12	25	26	32	35	42	02
1204	2017-08-28	10	20	21	24	39	43	17
1203	2017-08-24	02	04	06	37	39	42	41
1202	2017-08-21	09	12	15	19	26	39	28
1201	2017-08-17	01	15	19	22	26	28	33
1200	2017-08-14	02	08	10	12	31	42	21
1199	2017-08-10	09	10	11	20	28	40	17
1198	2017-08-07	01	14	20	26	27	34	33
1197	2017-08-03	03	24	28	36	37	39	27
1196	2017-07-31	06	07	19	31	39	41	14
1195	2017-07-27	01	04	17	22	35	42	07
1194	2017-07-24	12	18	20	23	33	40	01
1193	2017-07-20	01	02	07	08	10	42	28
1192	2017-07-17	15	17	18	22	30	39	28
1191	2017-07-13	03	05	11	20	25	32	30
1190	2017-07-10	01	03	13	29	38	39	08
1189	2017-07-06	08	24	28	30	38	41	32
1188	2017-07-03	03	09	19	20	23	30	14
1187	2017-06-29	03	13	18	20	24	31	37
1186	2017-06-26	08	10	20	25	38	43	39
1185	2017-06-22	06	15	18	26	27	31	38
1184	2017-06-19	02	06	21	30	31	36	41
1183	2017-06-15	02	19	22	25	32	36	39
1182	2017-06-12	05	06	10	13	24	33	40
1181	2017-06-08	15	16	17	29	31	32	12
1180	2017-06-05	02	04	05	13	18	21	40
1179	2017-06-01	05	12	27	36	39	40	37
1178	2017-05-29	16	17	20	22	29	40	31
1177	2017-05-25	02	05	21	22	23	38	36
1176	2017-05-22	02	09	18	23	29	32	34
1175	2017-05-18	02	04	06	21	27	37	10
1174	2017-05-15	07	08	09	25	29	31	28
1173	2017-05-11	05	07	11	16	33	38	25
1172	2017-05-08	03	10	31	32	38	39	15
1171	2017-05-04	09	10	13	21	34	36	40
1170	2017-05-01	01	08	13	19	23	28	39
1169	2017-04-27	19	24	25	36	37	43	10
1168	2017-04-24	01	03	08	14	35	39	18
1167	2017-04-20	06	13	20	25	36	42	28
1166	2017-04-17	04	08	17	20	29	41	03
1165	2017-04-13	18	20	21	24	40	42	25
1164	2017-04-10	04	07	11	33	34	37	24
1163	2017-04-06	11	17	19	24	33	41	09
1162	2017-04-03	03	04	08	12	24	37	10
1161	2017-03-30	01	02	12	16	19	40	18
1160	2017-03-27	09	22	31	32	34	43	24
1159	2017-03-23	01	04	15	16	23	30	17
1158	2017-03-20	22	24	27	30	32	40	23
1157	2017-03-16	05	17	20	28	39	42	01
1156	2017-03-13	03	06	19	31	35	40	12
1155	2017-03-09	14	19	22	23	28	43	25
1154	2017-03-06	08	12	30	36	41	42	04
1153	2017-03-02	04	15	20	24	26	30	29
1152	2017-02-27	06	08	10	33	35	43	22
1151	2017-02-23	05	23	25	26	29	31	19
1150	2017-02-20	07	11	17	27	32	40	18
1149	2017-02-16	02	14	22	23	35	43	31
1148	2017-02-13	03	05	16	23	31	43	39
1147	2017-02-09	02	03	10	16	26	27	23
1146	2017-02-06	01	10	19	23	26	34	27
1145	2017-02-02	01	04	15	18	25	28	36
1144	2017-01-30	07	13	14	33	39	43	29
1143	2017-01-26	19	21	31	39	42	43	29
1142	2017-01-23	12	13	19	23	28	35	31
1141	2017-01-19	01	04	10	14	24	26	29
1140	2017-01-16	11	21	30	31	36	37	23
1139	2017-01-12	04	06	14	17	23	33	26
1138	2017-01-09	08	15	21	24	35	38	22
1137	2017-01-05	01	18	21	31	37	41	20
1136	2016-12-29	03	04	07	08	22	33	18
1135	2016-12-26	20	22	28	29	32	41	14
1134	2016-12-22	05	06	12	14	30	38	29
1133	2016-12-19	03	18	19	20	37	38	09
1132	2016-12-15	04	05	24	29	33	35	40
1131	2016-12-12	06	12	25	36	38	41	18
1130	2016-12-08	01	11	37	38	39	42	26
1129	2016-12-05	06	11	19	28	30	43	32
1128	2016-12-01	03	15	21	29	30	35	39
1127	2016-11-28	09	15	17	21	23	42	24
1126	2016-11-24	04	05	26	30	34	42	27
1125	2016-11-21	02	16	19	20	24	36	27
1124	2016-11-17	01	16	24	28	40	42	33
1123	2016-11-14	04	08	23	29	34	35	15
1122	2016-11-10	22	24	29	31	32	34	40
1121	2016-11-07	02	08	31	38	40	42	41
1120	2016-11-03	10	12	13	29	35	39	33
1119	2016-10-31	03	06	15	21	42	43	11
1118	2016-10-27	01	11	21	25	34	36	28
1117	2016-10-24	02	06	07	09	19	23	21
1116	2016-10-20	01	11	33	34	35	38	29
1115	2016-10-17	03	10	12	26	38	42	04
1114	2016-10-13	02	07	09	28	38	39	26
1113	2016-10-10	01	12	14	26	34	41	06
1112	2016-10-06	06	09	15	19	39	42	34
1111	2016-10-03	06	16	17	27	33	41	42
1110	2016-09-29	01	06	21	34	36	39	29
1109	2016-09-26	06	08	14	27	36	42	28
1108	2016-09-22	12	25	29	32	38	43	35
1107	2016-09-19	06	07	12	22	30	33	36
1106	2016-09-15	01	04	08	10	18	33	15
1105	2016-09-12	12	15	25	31	39	40	26
1104	2016-09-08	15	25	32	33	36	38	40
1103	2016-09-05	08	13	14	18	24	38	25
1102	2016-09-01	03	06	09	13	36	37	32
1101	2016-08-29	04	05	07	10	13	16	01
1100	2016-08-25	02	06	16	23	32	35	37
1099	2016-08-22	06	08	12	17	18	24	35
1098	2016-08-18	01	19	31	33	35	43	29
1097	2016-08-15	01	05	08	14	19	21	04
1096	2016-08-11	06	19	21	31	38	41	40
1095	2016-08-08	03	06	15	18	23	27	38
1094	2016-08-04	06	07	20	24	28	43	11
1093	2016-08-01	04	19	26	40	42	43	09
1092	2016-07-28	02	11	18	27	30	33	14
1091	2016-07-25	21	22	24	26	28	30	38
1090	2016-07-21	03	10	15	22	27	40	23
1089	2016-07-18	05	17	19	22	41	42	04
1088	2016-07-14	05	08	16	24	32	33	22
1087	2016-07-11	10	13	26	27	30	36	06
1086	2016-07-07	03	07	09	31	38	43	29
1085	2016-07-04	03	20	21	30	34	35	23
1084	2016-06-30	01	07	20	28	34	38	16
1083	2016-06-27	10	13	15	18	25	38	20
1082	2016-06-23	09	12	19	21	39	40	16
1081	2016-06-20	06	08	13	17	18	20	28
1080	2016-06-16	06	15	16	19	38	41	23
1079	2016-06-13	08	12	19	24	30	36	42
1078	2016-06-09	03	12	20	33	35	41	34
1077	2016-06-06	01	04	09	23	30	36	05
1076	2016-06-02	21	22	24	30	31	43	19
1075	2016-05-30	07	08	21	24	34	42	01
1074	2016-05-26	08	09	16	27	30	33	19
1073	2016-05-23	01	03	05	08	20	39	30
1072	2016-05-19	03	17	20	32	36	43	04
1071	2016-05-16	01	10	25	27	31	40	03
1070	2016-05-12	11	21	25	34	35	36	15
1069	2016-05-09	12	17	26	30	33	40	08
1068	2016-05-05	03	09	21	34	35	42	04
1067	2016-05-02	05	09	25	27	28	33	10
1066	2016-04-28	02	11	29	36	40	42	17
1065	2016-04-25	11	13	27	37	41	42	40
1064	2016-04-21	04	13	18	27	30	39	34
1063	2016-04-18	06	12	13	34	38	42	41
1062	2016-04-14	02	07	28	39	42	43	41
1061	2016-04-11	01	12	14	16	20	29	04
1060	2016-04-07	05	10	16	17	32	37	36
1059	2016-04-04	08	26	27	29	35	43	06
1058	2016-03-31	11	12	17	23	29	43	37
1057	2016-03-28	02	11	19	21	28	38	25
1056	2016-03-24	14	16	19	29	32	37	24
1055	2016-03-21	05	11	20	25	26	32	06
1054	2016-03-17	07	09	10	19	28	33	36
1053	2016-03-14	04	11	23	27	35	42	15
1052	2016-03-10	06	26	34	37	42	43	13
1051	2016-03-07	05	13	20	28	30	32	16
1050	2016-03-03	03	08	14	28	31	43	35
1049	2016-02-29	03	06	15	23	24	31	11
1048	2016-02-25	26	27	30	31	34	40	20
1047	2016-02-22	05	09	13	31	32	35	26
1046	2016-02-18	06	13	17	18	27	43	21
1045	2016-02-15	01	19	21	30	31	43	18
1044	2016-02-11	03	07	16	26	34	39	23
1043	2016-02-08	21	29	30	32	38	42	16
1042	2016-02-04	04	10	11	12	18	25	36
1041	2016-02-01	14	22	27	29	33	37	24
1040	2016-01-28	07	13	15	21	23	34	12
1039	2016-01-25	06	09	20	34	37	41	25
1038	2016-01-21	03	07	24	25	27	39	20
1037	2016-01-18	01	03	12	13	21	32	41
1036	2016-01-14	02	08	17	27	30	31	13
1035	2016-01-11	09	15	17	19	27	33	40
1034	2016-01-07	14	20	24	25	31	32	29
1033	2016-01-04	01	15	21	24	37	41	07
1032	2015-12-28	11	20	21	30	36	43	17
1031	2015-12-24	02	04	07	22	32	35	01
1030	2015-12-21	04	09	17	20	23	42	19
1029	2015-12-17	05	13	22	31	37	39	04
1028	2015-12-14	07	10	18	21	28	36	40
1027	2015-12-10	13	16	17	19	20	38	18
1026	2015-12-07	01	08	11	17	22	26	31
1025	2015-12-03	10	17	20	21	36	43	34
1024	2015-11-30	02	04	05	20	37	43	32
1023	2015-11-26	09	17	24	25	33	40	43
1022	2015-11-23	03	15	19	30	34	37	12
1021	2015-11-19	03	30	32	33	34	39	28
1020	2015-11-16	02	25	27	28	35	42	06
1019	2015-11-12	08	14	15	22	25	40	19
1018	2015-11-09	03	22	25	28	32	39	21
1017	2015-11-05	01	04	24	30	39	40	05
1016	2015-11-02	01	14	31	32	39	42	34
1015	2015-10-29	09	14	20	23	27	32	22
1014	2015-10-26	02	03	09	19	40	42	06
1013	2015-10-22	03	20	36	38	39	41	22
1012	2015-10-19	09	11	19	22	27	38	02
1011	2015-10-15	23	26	27	29	30	43	06
1010	2015-10-12	06	12	16	24	25	37	17
1009	2015-10-08	03	19	34	36	40	43	28
1008	2015-10-05	11	14	16	21	24	39	36
1007	2015-10-01	03	08	17	25	28	43	42
1006	2015-09-28	07	08	16	31	32	33	12
1005	2015-09-24	05	13	20	24	25	27	42
1004	2015-09-21	03	21	23	24	27	32	36
1003	2015-09-17	13	22	26	34	38	43	42
1002	2015-09-14	08	14	22	25	27	41	11
1001	2015-09-10	09	12	15	16	18	35	02
1000	2015-09-07	01	15	21	22	26	29	37
999	2015-09-03	08	15	17	30	32	36	43
998	2015-08-31	01	03	12	19	26	29	28
997	2015-08-27	03	05	08	11	33	43	23
996	2015-08-24	01	03	14	26	27	42	25
995	2015-08-20	07	11	17	21	37	39	36
994	2015-08-17	18	22	29	31	39	43	09
993	2015-08-13	01	05	10	32	38	40	18
992	2015-08-10	04	06	08	22	27	38	34
991	2015-08-06	03	18	21	25	29	37	35
990	2015-08-03	04	12	16	27	28	41	42
989	2015-07-30	05	07	31	33	36	39	21
988	2015-07-27	05	06	10	22	34	41	19
987	2015-07-23	03	14	15	24	25	36	33
986	2015-07-20	04	11	17	30	36	43	05
985	2015-07-16	03	11	19	26	29	38	31
984	2015-07-13	14	23	24	28	37	38	20
983	2015-07-09	15	19	32	35	36	38	31
982	2015-07-06	15	19	21	22	29	40	42
981	2015-07-02	14	19	22	23	31	37	21
980	2015-06-29	15	20	23	35	38	42	13
979	2015-06-25	09	12	16	18	27	38	10
978	2015-06-22	03	11	19	30	38	42	31
977	2015-06-18	10	15	17	27	42	43	33
976	2015-06-15	06	13	22	28	42	43	29
975	2015-06-11	03	11	13	27	29	36	15
974	2015-06-08	02	03	29	30	32	43	26
973	2015-06-04	01	05	06	12	30	31	24
972	2015-06-01	02	07	17	18	21	40	29
971	2015-05-28	02	03	04	12	22	29	11
970	2015-05-25	02	04	18	23	31	38	01
969	2015-05-21	03	09	19	22	23	40	10
968	2015-05-18	06	10	15	20	23	26	17
967	2015-05-14	01	11	26	30	32	40	08
966	2015-05-11	10	22	31	34	36	43	30
965	2015-05-07	10	12	19	20	21	22	13
964	2015-05-04	02	21	23	29	30	43	26
963	2015-04-30	04	23	29	31	32	35	17
962	2015-04-27	04	06	10	24	32	37	35
961	2015-04-23	05	11	17	18	19	25	34
960	2015-04-20	05	18	23	32	35	39	10
959	2015-04-16	01	16	18	28	36	38	42
958	2015-04-13	09	18	23	24	26	30	21
957	2015-04-09	02	11	22	32	36	42	20
956	2015-04-06	01	04	06	22	24	38	34
955	2015-04-02	14	19	27	28	37	42	24
954	2015-03-30	03	23	24	28	29	42	41
953	2015-03-26	02	09	17	38	39	42	20
952	2015-03-23	10	16	22	25	31	39	27
951	2015-03-19	11	15	22	23	26	30	37
950	2015-03-16	02	06	16	24	30	41	18
949	2015-03-12	05	19	26	36	39	43	09
948	2015-03-09	07	16	17	28	39	43	24
947	2015-03-05	01	06	21	23	27	40	09
946	2015-03-02	02	09	12	16	31	36	41
945	2015-02-26	03	10	15	23	36	37	31
944	2015-02-23	07	20	25	29	33	37	27
943	2015-02-19	09	10	14	15	39	43	25
942	2015-02-16	02	03	14	27	28	38	08
941	2015-02-12	05	12	22	29	38	39	19
940	2015-02-09	01	18	28	31	35	37	39
939	2015-02-05	08	11	15	17	26	43	32
938	2015-02-02	05	09	12	19	30	35	29
937	2015-01-29	13	15	21	25	36	41	08
936	2015-01-26	01	03	12	16	20	35	05
935	2015-01-22	02	12	14	26	38	43	08
934	2015-01-19	03	07	16	17	20	32	12
933	2015-01-15	05	09	20	21	31	41	26
932	2015-01-12	04	15	30	37	42	43	32
931	2015-01-08	14	18	19	24	25	33	21
930	2015-01-05	10	12	37	39	40	43	11
929	2014-12-29	10	12	15	25	31	34	26
928	2014-12-25	01	21	23	26	31	33	14
927	2014-12-22	02	29	30	31	33	34	37
926	2014-12-18	16	26	32	35	37	39	25
925	2014-12-15	25	26	27	28	32	37	40
924	2014-12-11	13	20	24	32	35	42	43
923	2014-12-08	05	13	30	31	32	35	29
922	2014-12-04	04	06	19	32	33	38	01
921	2014-12-01	05	07	26	36	38	39	32
920	2014-11-27	09	17	27	30	35	38	06
919	2014-11-24	02	09	12	17	33	42	26
918	2014-11-20	10	15	25	29	34	36	39
917	2014-11-17	02	06	25	26	41	42	18
916	2014-11-13	06	14	25	27	38	43	21
915	2014-11-10	07	12	21	33	38	40	42
914	2014-11-06	02	03	26	33	36	40	19
913	2014-11-03	05	08	20	31	36	41	16
912	2014-10-30	05	14	19	20	32	42	11
911	2014-10-27	08	16	18	22	27	35	03
910	2014-10-23	11	12	13	17	25	33	14
909	2014-10-20	12	15	21	27	30	35	28
908	2014-10-16	06	14	21	22	23	30	32
907	2014-10-13	05	13	18	22	27	41	19
906	2014-10-09	06	09	12	13	30	40	31
905	2014-10-06	04	15	24	40	41	42	31
904	2014-10-02	02	04	06	15	21	41	29
903	2014-09-29	01	03	06	07	16	19	12
902	2014-09-25	11	21	26	31	32	33	22
901	2014-09-22	06	13	22	28	29	37	14
900	2014-09-18	08	12	21	22	31	35	02
899	2014-09-15	03	10	15	18	27	40	38
898	2014-09-11	13	17	21	25	29	37	23
897	2014-09-08	08	10	14	15	27	30	12
896	2014-09-04	05	06	21	27	32	38	34
895	2014-09-01	05	12	24	25	37	38	39
894	2014-08-28	04	05	09	20	21	32	40
893	2014-08-25	10	12	26	28	29	37	34
892	2014-08-21	14	19	31	35	40	43	38
891	2014-08-18	07	09	14	30	42	43	24
890	2014-08-14	01	04	06	14	28	31	21
889	2014-08-11	02	10	21	28	41	43	12
888	2014-08-07	02	04	09	36	37	39	43
887	2014-08-04	03	04	06	18	32	37	07
886	2014-07-31	07	10	13	23	34	39	11
885	2014-07-28	22	28	33	36	37	41	14
884	2014-07-24	02	07	25	26	38	42	19
883	2014-07-21	10	16	25	29	38	42	23
882	2014-07-17	05	15	23	26	30	36	06
881	2014-07-14	04	06	12	18	28	41	35
880	2014-07-10	01	08	11	16	25	32	19
879	2014-07-07	24	27	34	35	36	43	25
878	2014-07-03	05	14	16	22	25	40	43
877	2014-06-30	03	14	17	32	35	43	10
876	2014-06-26	11	12	18	25	35	39	09
875	2014-06-23	04	05	11	13	22	25	43
874	2014-06-19	02	08	21	27	33	37	42
873	2014-06-16	04	22	26	27	32	43	20
872	2014-06-12	06	10	17	18	19	24	07
871	2014-06-09	03	10	11	13	20	27	25
870	2014-06-05	01	11	14	21	23	39	26
869	2014-06-02	05	07	23	24	37	38	40
868	2014-05-29	05	18	19	26	31	43	10
867	2014-05-26	02	14	21	26	37	38	18
866	2014-05-22	01	03	10	21	29	43	39
865	2014-05-19	05	07	08	12	23	25	26
864	2014-05-15	19	21	24	28	32	40	12
863	2014-05-12	04	14	18	26	35	36	02
862	2014-05-08	05	10	16	34	36	39	43
861	2014-05-05	04	17	21	28	35	42	29
860	2014-05-01	14	16	32	35	38	41	06
859	2014-04-28	01	12	15	17	21	36	24
858	2014-04-24	03	14	29	32	33	42	40
857	2014-04-21	01	03	06	17	28	42	24
856	2014-04-17	10	24	32	34	38	40	43
855	2014-04-14	10	13	15	25	37	42	30
854	2014-04-10	04	11	14	18	25	37	42
853	2014-04-07	02	09	22	26	31	35	07
852	2014-04-03	03	17	22	23	27	40	35
851	2014-03-31	05	08	14	20	26	27	07
850	2014-03-27	02	11	30	32	38	41	04
849	2014-03-24	01	03	04	10	15	40	34
848	2014-03-20	06	07	13	15	35	39	33
847	2014-03-17	09	10	23	31	35	36	38
846	2014-03-13	09	14	18	28	30	33	04
845	2014-03-10	02	12	13	22	24	34	20
844	2014-03-06	02	05	18	27	35	38	24
843	2014-03-03	03	07	08	26	42	43	11
842	2014-02-27	08	11	17	26	33	43	24
841	2014-02-24	08	22	24	28	31	36	38
840	2014-02-20	03	04	17	24	27	34	39
839	2014-02-17	01	03	05	12	13	38	37
838	2014-02-13	12	28	32	36	38	43	13
837	2014-02-10	05	17	34	37	39	42	28
836	2014-02-06	07	11	31	34	38	43	28
835	2014-02-03	05	09	10	28	39	40	24
834	2014-01-30	04	17	27	39	41	42	08
833	2014-01-27	05	06	13	20	22	28	02
832	2014-01-23	19	24	27	31	32	33	17
831	2014-01-20	03	04	07	13	22	31	19
830	2014-01-16	05	06	09	18	28	40	22
829	2014-01-13	02	03	23	32	36	39	20
828	2014-01-09	02	09	10	24	25	43	26
827	2014-01-06	02	04	23	24	33	41	05
826	2013-12-30	05	15	22	24	29	36	02
825	2013-12-26	06	10	12	16	39	40	20
824	2013-12-23	16	19	26	27	29	32	04
823	2013-12-19	05	06	23	30	37	38	28
822	2013-12-16	06	11	15	24	27	33	29
821	2013-12-12	07	10	12	34	40	43	16
820	2013-12-09	01	11	19	28	39	43	16
819	2013-12-05	10	19	23	25	30	40	14
818	2013-12-02	05	21	24	34	37	38	16
817	2013-11-28	16	21	27	32	34	43	42
816	2013-11-25	05	14	19	24	27	37	09
815	2013-11-21	01	02	06	24	25	41	29
814	2013-11-18	04	07	15	23	38	42	01
813	2013-11-14	09	10	12	13	28	38	39
812	2013-11-11	01	12	15	26	34	40	22
811	2013-11-07	02	06	20	24	31	40	34
810	2013-11-04	03	31	32	38	39	40	37
809	2013-10-31	02	11	20	31	32	37	17
808	2013-10-28	13	18	22	28	41	42	26
807	2013-10-24	01	06	12	20	22	23	27
806	2013-10-21	03	16	19	25	39	40	29
805	2013-10-17	02	14	19	22	24	43	06
804	2013-10-14	06	20	23	25	31	33	30
803	2013-10-10	09	29	33	34	35	41	27
802	2013-10-07	09	13	18	19	25	30	15
801	2013-10-03	02	18	19	20	25	31	32
800	2013-09-30	08	12	22	23	25	35	43
799	2013-09-26	04	06	08	10	19	28	25
798	2013-09-23	01	03	05	25	39	41	34
797	2013-09-19	01	04	13	18	23	39	35
796	2013-09-16	01	07	11	14	22	34	02
795	2013-09-12	13	19	24	28	33	38	29
794	2013-09-09	15	22	25	29	34	42	02
793	2013-09-05	10	13	14	19	26	43	12
792	2013-09-02	01	07	14	25	37	43	04
791	2013-08-29	01	10	22	24	34	37	20
790	2013-08-26	09	13	19	27	34	38	08
789	2013-08-22	12	17	29	32	38	40	28
788	2013-08-19	02	08	13	27	31	32	16
787	2013-08-15	04	05	13	21	33	34	15
786	2013-08-12	10	11	17	31	35	39	23
785	2013-08-08	01	09	18	20	24	29	15
784	2013-08-05	01	09	23	29	37	41	22
783	2013-08-01	09	14	22	24	25	32	13
782	2013-07-29	19	21	23	24	27	43	10
781	2013-07-25	05	06	15	23	40	43	39
780	2013-07-22	06	07	12	26	39	43	04
779	2013-07-18	10	13	27	34	36	39	07
778	2013-07-15	05	11	17	24	35	41	03
777	2013-07-11	15	16	23	29	37	39	42
776	2013-07-08	02	08	14	23	28	42	25
775	2013-07-04	01	02	21	22	37	38	17
774	2013-07-01	02	04	09	13	16	33	15
773	2013-06-27	04	07	10	11	12	32	09
772	2013-06-24	07	11	16	19	20	23	30
771	2013-06-20	15	21	31	32	33	34	27
770	2013-06-17	17	19	21	22	36	37	25
769	2013-06-13	01	02	04	16	17	38	08
768	2013-06-10	01	08	19	25	32	38	39
767	2013-06-06	02	06	11	27	29	37	14
766	2013-06-03	06	10	12	32	37	39	33
765	2013-05-30	04	14	17	22	26	41	06
764	2013-05-27	06	07	24	34	42	43	14
763	2013-05-23	06	08	10	21	39	42	36
762	2013-05-20	06	08	09	20	24	27	40
761	2013-05-16	08	10	11	12	20	40	42
760	2013-05-13	03	04	06	15	32	40	34
759	2013-05-09	14	22	25	28	37	41	31
758	2013-05-06	11	19	20	25	38	40	33
757	2013-05-02	04	10	14	19	35	38	17
756	2013-04-29	08	10	24	26	27	28	32
755	2013-04-25	10	16	20	25	29	39	02
754	2013-04-22	16	27	33	35	39	41	42
753	2013-04-18	02	04	11	15	20	38	18
752	2013-04-15	03	05	13	18	22	37	14
751	2013-04-11	13	16	21	25	31	38	43
750	2013-04-08	04	06	13	16	18	39	34
749	2013-04-04	07	08	11	13	23	40	25
748	2013-04-01	02	14	16	27	28	30	21
747	2013-03-28	08	19	20	23	24	35	05
746	2013-03-25	06	09	10	29	31	35	28
745	2013-03-21	08	12	16	23	33	34	06
744	2013-03-18	02	05	12	14	30	42	03
743	2013-03-14	03	04	08	10	14	37	32
742	2013-03-11	02	12	13	14	22	35	04
741	2013-03-07	08	11	15	29	36	43	18
740	2013-03-04	08	09	15	26	37	40	18
739	2013-02-28	11	13	18	20	28	38	31
738	2013-02-25	14	21	22	32	33	41	09
737	2013-02-21	06	10	21	24	27	39	11
736	2013-02-18	02	14	17	19	38	43	06
735	2013-02-14	05	12	19	22	32	39	14
734	2013-02-11	10	19	22	27	29	39	21
733	2013-02-07	05	13	14	26	37	38	28
732	2013-02-04	20	33	35	36	37	38	29
731	2013-01-31	06	07	23	25	38	42	21
730	2013-01-28	10	15	21	22	33	35	01
729	2013-01-24	02	10	16	18	27	42	22
728	2013-01-21	10	15	22	23	38	42	12
727	2013-01-17	03	24	26	27	39	41	04
726	2013-01-14	13	21	30	31	37	40	14
725	2013-01-10	05	06	07	20	31	41	22
724	2013-01-07	04	09	32	37	38	39	31
723	2012-12-27	16	27	28	36	39	42	02
722	2012-12-24	06	11	32	34	35	39	18
721	2012-12-20	01	14	23	24	27	40	10
720	2012-12-17	25	26	27	28	35	38	19
719	2012-12-13	11	14	27	31	34	42	13
718	2012-12-10	15	20	27	29	33	43	18
717	2012-12-06	13	14	16	21	29	42	20
716	2012-12-03	05	07	14	24	25	35	32
715	2012-11-29	05	10	12	25	28	31	36
714	2012-11-26	02	14	26	28	29	42	13
713	2012-11-22	19	20	21	24	25	26	35
712	2012-11-19	02	05	08	09	14	25	18
711	2012-11-15	05	11	15	24	34	39	37
710	2012-11-12	04	05	09	20	33	37	35
709	2012-11-08	01	11	13	29	37	39	08
708	2012-11-05	02	13	20	22	25	38	35
707	2012-11-01	08	15	21	32	40	41	07
706	2012-10-29	02	08	29	31	34	37	09
705	2012-10-25	14	15	16	18	20	33	03
704	2012-10-22	07	10	16	18	19	37	20
703	2012-10-18	20	24	27	28	38	41	04
702	2012-10-15	01	20	23	37	38	40	04
701	2012-10-11	20	22	24	32	36	39	29
700	2012-10-08	01	08	17	24	33	35	11
699	2012-10-04	12	13	21	25	29	32	20
698	2012-10-01	05	20	21	26	30	33	27
697	2012-09-27	02	12	14	18	40	41	06
696	2012-09-24	02	10	14	19	36	39	09
695	2012-09-20	04	07	11	12	13	19	27
694	2012-09-17	08	23	27	31	38	40	03
693	2012-09-13	04	14	18	22	32	35	10
692	2012-09-10	09	10	12	19	21	42	15
691	2012-09-06	04	07	08	15	16	42	23
690	2012-09-03	07	08	10	21	34	38	30
689	2012-08-30	06	08	12	17	24	31	38
688	2012-08-27	09	12	16	33	34	35	01
687	2012-08-23	16	20	27	33	40	42	34
686	2012-08-20	21	24	26	35	37	38	16
685	2012-08-16	12	23	27	32	39	43	15
684	2012-08-13	06	07	13	18	27	33	16
683	2012-08-09	16	24	29	32	35	38	37
682	2012-08-06	03	05	07	18	19	41	34
681	2012-08-02	01	11	13	30	37	41	27
680	2012-07-30	08	09	23	34	38	41	06
679	2012-07-26	04	05	07	37	41	42	39
678	2012-07-23	08	24	25	29	32	40	28
677	2012-07-19	04	11	22	31	32	35	23
676	2012-07-16	02	08	20	33	38	42	21
675	2012-07-12	08	10	15	21	24	34	28
674	2012-07-09	08	11	15	22	40	41	39
673	2012-07-05	02	06	16	27	28	29	38
672	2012-07-02	01	05	23	24	36	43	19
671	2012-06-28	05	10	14	16	23	38	21
670	2012-06-25	01	04	07	25	32	41	18
669	2012-06-21	04	06	10	17	24	33	19
668	2012-06-18	07	13	20	27	34	35	22
667	2012-06-14	21	31	34	37	39	40	15
666	2012-06-11	02	06	28	30	31	41	07
665	2012-06-07	13	22	27	29	36	37	40
664	2012-06-04	02	08	11	12	26	29	22
663	2012-05-31	13	18	21	30	33	40	25
662	2012-05-28	12	31	32	34	36	40	06
661	2012-05-24	06	09	17	20	33	40	26
660	2012-05-21	08	20	31	36	37	38	39
659	2012-05-17	21	30	35	39	41	42	03
658	2012-05-14	14	24	32	40	41	42	09
657	2012-05-10	03	20	29	33	34	40	02
656	2012-05-07	02	08	13	17	25	37	30
655	2012-05-03	05	10	23	26	28	29	27
654	2012-04-30	12	18	21	29	32	38	02
653	2012-04-26	13	21	22	26	29	36	31
652	2012-04-23	01	10	16	19	20	39	29
651	2012-04-19	04	15	17	34	38	40	05
650	2012-04-16	12	31	34	40	41	43	06
649	2012-04-12	14	22	29	33	36	40	38
648	2012-04-09	22	26	27	28	36	43	01
647	2012-04-05	02	07	15	22	36	43	27
646	2012-04-02	09	12	14	24	28	33	37
645	2012-03-29	03	10	12	32	33	43	31
644	2012-03-26	04	14	22	23	26	42	02
643	2012-03-22	02	06	21	31	35	37	15
642	2012-03-19	08	13	14	21	33	41	18
641	2012-03-15	03	14	21	24	26	29	32
640	2012-03-12	03	11	18	20	33	39	22
639	2012-03-08	01	16	20	24	33	34	08
638	2012-03-05	06	11	19	28	35	40	14
637	2012-03-01	07	12	16	28	31	34	11
636	2012-02-27	02	12	21	23	24	26	36
635	2012-02-23	08	11	12	15	41	43	22
634	2012-02-20	08	10	13	15	20	40	23
633	2012-02-16	07	09	11	14	15	18	05
632	2012-02-13	03	04	14	21	22	25	26
631	2012-02-09	02	05	07	10	36	40	12
630	2012-02-06	03	07	13	18	19	41	38
629	2012-02-02	06	16	21	30	34	43	36
628	2012-01-30	07	13	15	18	29	38	30
627	2012-01-26	02	04	07	19	34	42	30
626	2012-01-23	06	13	14	22	26	28	10
625	2012-01-19	05	17	26	37	39	42	20
624	2012-01-16	04	08	12	22	25	30	43
623	2012-01-12	07	08	16	35	39	42	09
622	2012-01-09	07	16	18	20	27	36	41
621	2012-01-05	06	15	16	28	36	40	20
620	2011-12-29	07	10	13	19	31	38	12
619	2011-12-26	02	11	29	31	33	38	14
618	2011-12-22	04	15	21	31	35	42	13
617	2011-12-19	05	08	18	28	34	35	10
616	2011-12-15	04	07	18	19	24	35	17
615	2011-12-12	06	16	24	32	36	43	28
614	2011-12-08	02	06	22	25	31	42	01
613	2011-12-05	02	06	18	26	32	37	05
612	2011-12-01	07	18	31	32	39	40	35
611	2011-11-28	10	12	14	24	34	39	16
610	2011-11-24	02	05	12	23	26	41	36
609	2011-11-21	18	24	36	37	39	41	01
608	2011-11-17	04	06	16	17	18	26	40
607	2011-11-14	02	03	08	12	20	21	16
606	2011-11-10	08	15	24	26	35	42	07
605	2011-11-07	01	04	13	25	38	43	11
604	2011-11-03	09	15	20	22	28	43	37
603	2011-10-31	03	08	18	21	23	42	17
602	2011-10-27	08	13	15	18	24	41	27
601	2011-10-24	06	22	25	26	30	39	32
600	2011-10-20	03	20	23	24	28	35	26
599	2011-10-17	01	02	08	13	27	39	36
598	2011-10-13	06	10	15	21	36	41	40
597	2011-10-10	03	04	07	13	16	23	01
596	2011-10-06	02	13	17	24	29	34	12
595	2011-10-03	01	05	15	22	39	40	27
594	2011-09-29	04	05	15	30	34	38	02
593	2011-09-26	02	10	16	26	29	30	04
592	2011-09-22	12	14	22	23	34	41	36
591	2011-09-19	01	13	16	22	27	33	05
590	2011-09-15	20	24	25	27	32	37	02
589	2011-09-12	01	09	10	28	41	42	33
588	2011-09-08	08	13	18	33	34	36	23
587	2011-09-05	10	12	18	27	33	40	42
586	2011-09-01	06	07	10	23	36	42	11
585	2011-08-29	01	28	32	34	41	42	22
584	2011-08-25	10	11	24	26	37	38	21
583	2011-08-22	02	12	17	18	40	43	16
582	2011-08-18	07	10	14	25	32	38	13
581	2011-08-15	05	22	28	29	35	39	21
580	2011-08-11	12	15	17	25	35	43	32
579	2011-08-08	06	08	17	19	23	42	32
578	2011-08-04	16	22	23	27	33	37	36
577	2011-08-01	03	12	29	31	36	37	26
576	2011-07-28	08	09	21	24	29	37	01
575	2011-07-25	04	11	17	21	23	30	18
574	2011-07-21	04	11	16	20	26	43	09
573	2011-07-18	03	05	21	30	37	38	11
572	2011-07-14	10	12	18	38	42	43	40
571	2011-07-11	06	20	21	23	33	38	10
570	2011-07-07	02	04	10	28	38	43	25
569	2011-07-04	04	19	21	25	28	40	38
568	2011-06-30	07	10	15	31	32	42	41
567	2011-06-27	07	13	17	23	28	34	25
566	2011-06-23	10	17	18	29	30	41	07
565	2011-06-20	03	06	08	21	28	32	10
564	2011-06-16	03	12	18	24	34	39	16
563	2011-06-13	04	05	26	28	34	38	08
562	2011-06-09	09	10	11	25	30	37	12
561	2011-06-06	04	14	30	35	40	41	29
560	2011-06-02	04	17	19	37	39	42	16
559	2011-05-30	02	07	16	25	26	43	03
558	2011-05-26	04	32	33	38	41	43	02
557	2011-05-23	06	18	23	32	38	43	37
556	2011-05-19	06	09	13	17	29	30	25
555	2011-05-16	02	03	07	09	36	42	05
554	2011-05-12	16	27	34	35	36	38	37
553	2011-05-09	03	09	11	15	27	37	10
552	2011-05-05	13	22	26	30	40	41	08
551	2011-05-02	15	16	19	21	26	42	10
550	2011-04-28	12	15	19	32	36	42	37
549	2011-04-25	05	14	27	29	32	33	16
548	2011-04-21	12	13	16	28	29	35	05
547	2011-04-18	06	10	11	30	32	39	27
546	2011-04-14	01	14	30	34	40	43	27
545	2011-04-11	16	21	24	28	32	36	35
544	2011-04-07	11	14	16	32	41	42	33
543	2011-04-04	15	17	18	19	22	31	30
542	2011-03-31	10	14	23	35	38	41	17
541	2011-03-24	03	04	05	28	34	43	20
540	2011-03-17	15	23	29	35	36	41	42
539	2011-03-10	03	10	13	17	18	28	24
538	2011-03-03	02	11	14	23	26	33	28
537	2011-02-24	10	18	22	24	26	37	12
536	2011-02-17	04	10	12	14	23	36	02
535	2011-02-10	06	14	23	24	27	32	11
534	2011-02-03	01	02	19	22	26	37	43
533	2011-01-27	06	16	24	31	41	43	07
532	2011-01-20	23	28	33	35	37	42	04
531	2011-01-13	05	12	16	24	26	33	08
530	2011-01-06	01	10	19	30	33	36	35
529	2010-12-30	06	19	21	24	31	41	07
528	2010-12-23	02	05	12	21	28	32	41
527	2010-12-16	05	07	12	23	39	41	09
526	2010-12-09	08	14	18	19	26	27	23
525	2010-12-02	01	11	17	28	33	38	20
524	2010-11-25	07	11	14	18	35	40	43
523	2010-11-18	07	08	26	27	41	43	16
522	2010-11-11	03	06	16	23	25	43	37
521	2010-11-04	01	08	15	21	23	30	33
520	2010-10-28	02	04	12	14	26	43	40
519	2010-10-21	01	13	25	29	30	33	35
518	2010-10-14	14	31	34	35	40	42	25
517	2010-10-07	06	10	13	14	28	37	39
516	2010-09-30	02	14	16	17	29	30	10
515	2010-09-23	02	03	23	25	33	35	34
514	2010-09-16	06	07	14	15	19	41	31
513	2010-09-09	01	06	12	14	15	19	18
512	2010-09-02	14	20	23	25	33	39	34
511	2010-08-26	04	22	23	27	38	43	09
510	2010-08-19	12	15	26	35	41	43	25
509	2010-08-12	03	04	12	18	27	28	40
508	2010-08-05	01	07	14	15	24	42	13
507	2010-07-29	05	14	19	21	28	31	17
506	2010-07-22	05	11	21	27	37	39	26
505	2010-07-15	19	21	27	33	34	43	41
504	2010-07-08	12	21	22	27	29	31	35
503	2010-07-01	01	18	25	27	28	39	11
502	2010-06-24	09	12	27	28	29	41	07
501	2010-06-17	03	17	21	23	36	38	07
500	2010-06-10	06	20	28	31	34	38	10
499	2010-06-03	03	09	15	16	22	35	12
498	2010-05-27	01	25	36	41	42	43	39
497	2010-05-20	06	12	14	17	36	40	34
496	2010-05-13	02	06	11	29	32	41	03
495	2010-05-06	04	06	20	21	29	33	31
494	2010-04-29	08	16	19	23	26	31	06
493	2010-04-22	08	26	30	36	41	42	20
492	2010-04-15	01	08	12	20	23	37	10
491	2010-04-08	07	09	20	27	31	34	33
490	2010-04-01	05	09	13	28	34	40	10
489	2010-03-25	06	08	12	30	33	43	36
488	2010-03-18	05	15	29	34	39	42	06
487	2010-03-11	02	06	08	19	22	34	30
486	2010-03-04	16	25	27	29	34	41	06
485	2010-02-25	14	26	30	33	34	39	19
484	2010-02-18	13	19	25	29	32	35	42
483	2010-02-11	02	08	15	24	33	35	30
482	2010-02-04	04	30	31	36	37	38	19
481	2010-01-28	02	09	11	24	25	34	20
480	2010-01-21	02	05	17	18	35	38	34
479	2010-01-14	05	07	14	17	20	27	03
478	2010-01-07	11	14	23	30	31	38	42
477	2009-12-24	12	14	16	18	38	41	17
476	2009-12-17	07	17	22	30	36	40	02
475	2009-12-10	05	09	10	27	33	42	02
474	2009-12-03	12	15	19	25	28	41	18
473	2009-11-26	06	16	17	22	34	37	26
472	2009-11-19	10	17	28	30	36	42	05
471	2009-11-12	02	13	14	22	23	32	34
470	2009-11-05	01	11	17	23	38	43	18
469	2009-10-29	10	12	20	35	40	43	28
468	2009-10-22	09	17	26	30	34	40	33
467	2009-10-15	18	19	20	24	32	43	41
466	2009-10-08	01	04	19	28	34	40	14
465	2009-10-01	06	24	27	30	32	38	13
464	2009-09-24	10	21	22	25	27	37	36
463	2009-09-17	10	13	16	25	30	42	28
462	2009-09-10	02	04	06	16	31	33	05
461	2009-09-03	08	10	13	30	32	42	12
460	2009-08-27	18	22	23	32	35	40	07
459	2009-08-20	11	13	27	31	37	43	30
458	2009-08-13	01	18	27	30	36	40	05
457	2009-08-06	10	12	27	32	34	43	42
456	2009-07-30	03	07	15	25	30	39	22
455	2009-07-23	11	20	26	28	30	43	24
454	2009-07-16	02	16	18	27	42	43	12
453	2009-07-09	07	17	19	27	35	40	41
452	2009-07-02	01	05	25	27	29	40	19
451	2009-06-25	06	14	16	19	26	39	21
450	2009-06-18	15	20	21	32	40	42	27
449	2009-06-11	19	20	21	23	27	32	24
448	2009-06-04	09	23	32	35	39	42	37
447	2009-05-28	15	23	29	36	42	43	34
446	2009-05-21	03	08	17	26	27	36	13
445	2009-05-14	10	20	23	26	37	40	09
444	2009-05-07	05	13	16	18	24	32	30
443	2009-04-30	06	10	21	22	23	35	05
442	2009-04-23	02	23	26	35	41	42	38
441	2009-04-16	10	18	33	34	39	41	21
440	2009-04-09	09	23	29	30	31	39	18
439	2009-04-02	11	14	20	28	32	41	27
438	2009-03-26	03	09	16	17	20	31	42
437	2009-03-19	02	05	11	21	23	43	15
436	2009-03-12	04	12	21	22	27	38	31
435	2009-03-05	02	11	12	28	35	37	27
434	2009-02-26	03	12	19	33	35	36	37
433	2009-02-19	03	09	11	24	26	34	25
432	2009-02-12	08	20	23	24	42	43	16
431	2009-02-05	01	05	19	20	35	41	33
430	2009-01-29	01	08	18	26	34	42	21
429	2009-01-22	17	25	29	33	37	42	07
428	2009-01-15	08	16	18	35	42	43	13
427	2009-01-08	05	12	13	33	39	42	20
426	2008-12-25	06	08	09	29	32	37	04
425	2008-12-18	02	03	12	20	34	43	04
424	2008-12-11	03	13	17	25	40	41	04
423	2008-12-04	01	02	03	30	35	36	21
422	2008-11-27	05	06	07	08	28	38	36
421	2008-11-20	02	06	08	10	25	34	31
420	2008-11-13	14	19	21	28	29	31	24
419	2008-11-06	05	08	16	25	26	30	01
418	2008-10-30	03	12	16	25	32	36	34
417	2008-10-23	03	20	23	30	31	37	06
416	2008-10-16	12	15	22	24	29	37	06
415	2008-10-09	09	28	33	34	37	43	41
414	2008-10-02	01	02	04	05	09	25	15
413	2008-09-25	02	14	15	26	35	37	25
412	2008-09-18	02	06	07	09	16	19	33
411	2008-09-11	02	04	06	24	35	39	34
410	2008-09-04	02	12	16	20	42	43	28
409	2008-08-28	06	13	17	27	28	36	33
408	2008-08-21	12	20	23	28	31	32	39
407	2008-08-14	11	18	19	30	37	39	38
406	2008-08-07	01	02	04	16	36	37	40
405	2008-07-31	06	13	19	20	30	31	08
404	2008-07-24	03	10	14	18	26	43	33
403	2008-07-17	08	10	13	20	24	33	23
402	2008-07-10	03	18	23	24	29	33	28
401	2008-07-03	14	15	27	34	35	42	37
400	2008-06-26	04	09	19	22	23	33	38
399	2008-06-19	01	14	17	28	31	37	21
398	2008-06-12	02	31	36	37	39	43	13
397	2008-06-05	15	16	23	30	39	43	11
396	2008-05-29	09	12	21	26	33	40	05
395	2008-05-22	15	21	26	28	42	43	39
394	2008-05-15	14	27	28	31	37	40	18
393	2008-05-08	07	18	27	37	38	43	35
392	2008-05-01	10	15	18	30	31	37	11
391	2008-04-24	08	20	23	24	29	38	43
390	2008-04-17	05	16	17	22	39	43	21
389	2008-04-10	06	12	22	25	31	35	28
388	2008-04-03	05	12	14	18	20	31	02
387	2008-03-27	12	16	19	27	30	32	38
386	2008-03-20	02	09	11	15	23	25	27
385	2008-03-13	06	31	34	35	37	40	07
384	2008-03-06	17	19	20	22	33	41	35
383	2008-02-28	07	12	17	18	24	28	43
382	2008-02-21	02	06	15	28	29	43	14
381	2008-02-14	04	13	15	22	39	41	30
380	2008-02-07	17	22	25	26	27	43	16
379	2008-01-31	08	13	15	21	33	34	05
378	2008-01-24	11	13	19	26	36	43	31
377	2008-01-17	02	03	08	20	21	24	13
376	2008-01-10	20	21	25	27	34	38	16
375	2007-12-27	07	09	14	17	36	37	11
374	2007-12-20	04	24	25	26	27	34	28
373	2007-12-13	07	14	15	19	35	43	30
372	2007-12-06	07	19	28	33	35	39	21
371	2007-11-29	14	15	23	24	32	34	31
370	2007-11-22	02	11	13	15	16	32	43
369	2007-11-15	03	09	12	16	18	37	14
368	2007-11-08	07	10	18	21	33	35	13
367	2007-11-01	10	13	17	38	41	43	28
366	2007-10-25	12	13	15	18	30	41	21
365	2007-10-18	06	19	20	28	36	37	11
364	2007-10-11	07	11	12	19	33	42	36
363	2007-10-04	03	06	07	22	27	31	04
362	2007-09-27	07	10	15	20	37	40	28
361	2007-09-20	01	21	28	30	37	43	31
360	2007-09-13	02	03	06	14	26	42	25
359	2007-09-06	03	05	19	20	23	27	40
358	2007-08-30	12	31	32	34	39	42	30
357	2007-08-23	02	10	11	12	19	38	06
356	2007-08-16	01	05	08	12	17	29	28
355	2007-08-09	01	11	24	26	36	37	39
354	2007-08-02	04	06	22	31	34	41	43
353	2007-07-26	01	09	15	16	22	26	29
352	2007-07-19	06	08	24	25	34	38	10
351	2007-07-12	03	13	16	24	26	43	15
350	2007-07-05	13	18	25	26	29	40	06
349	2007-06-28	08	13	15	19	20	30	25
348	2007-06-21	04	05	06	27	36	38	13
347	2007-06-14	08	20	23	27	32	33	13
346	2007-06-07	04	09	11	12	32	38	16
345	2007-05-31	10	21	22	25	35	37	18
344	2007-05-24	08	11	16	20	28	36	42
343	2007-05-17	13	28	29	37	38	41	35
342	2007-05-10	08	15	26	27	34	38	10
341	2007-05-03	04	14	23	25	28	35	41
340	2007-04-26	04	10	13	31	35	42	07
339	2007-04-19	03	05	09	26	34	36	12
338	2007-04-12	08	10	25	31	39	40	35
337	2007-04-05	05	15	16	20	34	39	29
336	2007-03-29	03	06	13	17	20	29	11
335	2007-03-22	04	05	10	23	36	42	08
334	2007-03-15	11	14	17	18	34	36	23
333	2007-03-08	01	05	07	15	41	42	38
332	2007-03-01	07	08	16	24	26	34	19
331	2007-02-22	02	08	17	24	32	38	35
330	2007-02-15	05	12	16	19	28	39	34
329	2007-02-08	06	08	15	17	39	40	37
328	2007-02-01	03	07	10	12	19	36	35
327	2007-01-25	06	12	14	28	31	36	35
326	2007-01-18	01	07	09	14	23	43	19
325	2007-01-11	06	07	18	29	33	39	43
324	2007-01-04	05	13	27	37	39	41	36
323	2006-12-28	09	11	21	23	33	39	26
322	2006-12-21	18	19	22	25	35	42	36
321	2006-12-14	21	29	31	36	38	41	10
320	2006-12-07	01	05	25	27	38	41	09
319	2006-11-30	15	20	23	28	37	40	17
318	2006-11-23	02	07	13	16	36	37	41
317	2006-11-16	07	08	15	30	35	36	40
316	2006-11-09	03	04	20	30	40	41	31
315	2006-11-02	01	02	17	24	40	41	31
314	2006-10-26	03	08	14	30	38	43	06
313	2006-10-19	01	19	21	31	32	40	33
312	2006-10-12	02	17	22	29	38	42	16
311	2006-10-05	01	16	22	36	37	42	34
310	2006-09-28	03	04	05	18	28	37	26
309	2006-09-21	01	04	26	36	41	42	09
308	2006-09-14	03	13	18	20	23	28	35
307	2006-09-07	01	07	11	32	33	40	27
306	2006-08-31	01	20	25	28	31	42	02
305	2006-08-24	01	02	05	23	31	34	43
304	2006-08-17	03	07	08	15	17	31	27
303	2006-08-10	04	24	31	35	37	39	13
302	2006-08-03	02	04	13	23	38	40	24
301	2006-07-27	04	05	06	09	10	11	33
300	2006-07-20	04	07	29	33	36	39	09
299	2006-07-13	02	04	05	17	35	41	18
298	2006-07-06	12	25	29	31	35	40	26
297	2006-06-29	06	08	09	20	38	40	02
296	2006-06-22	04	19	27	30	31	37	10
295	2006-06-15	09	12	18	20	37	43	05
294	2006-06-08	02	05	13	14	17	20	21
293	2006-06-01	06	08	15	17	36	43	38
292	2006-05-25	07	14	27	31	34	39	40
291	2006-05-18	10	15	20	28	41	43	19
290	2006-05-11	11	13	15	17	22	43	08
289	2006-05-04	07	09	12	17	34	38	03
288	2006-04-27	03	04	11	25	28	33	35
287	2006-04-20	01	05	18	34	35	39	07
286	2006-04-13	10	11	14	28	31	41	03
285	2006-04-06	01	03	09	14	16	29	37
284	2006-03-30	20	26	30	33	35	38	04
283	2006-03-23	06	09	16	22	27	37	36
282	2006-03-16	01	09	17	31	41	43	23
281	2006-03-09	03	09	10	11	19	35	30
280	2006-03-02	06	12	26	37	38	39	25
279	2006-02-23	07	11	12	23	30	43	27
278	2006-02-16	09	13	14	17	22	38	33
277	2006-02-09	07	09	18	20	30	38	23
276	2006-02-02	06	11	27	30	33	36	34
275	2006-01-26	04	13	15	31	33	40	08
274	2006-01-19	04	05	14	27	31	39	06
273	2006-01-12	04	18	20	21	29	40	37
272	2006-01-05	07	12	13	20	23	26	41
271	2005-12-29	09	10	19	25	40	41	08
270	2005-12-22	17	19	21	29	33	38	30
269	2005-12-15	01	10	13	15	21	23	36
268	2005-12-08	03	06	08	14	24	36	15
267	2005-12-01	03	05	08	22	35	38	41
266	2005-11-24	11	15	18	24	30	39	07
265	2005-11-17	02	03	16	22	23	28	40
264	2005-11-10	02	05	06	08	20	27	43
263	2005-11-03	01	05	13	22	39	41	04
262	2005-10-27	05	07	11	19	21	25	27
261	2005-10-20	06	17	18	21	35	41	32
260	2005-10-13	11	15	21	31	37	41	30
259	2005-10-06	01	12	15	23	34	42	27
258	2005-09-29	03	15	16	17	25	31	40
257	2005-09-22	07	15	29	30	39	40	11
256	2005-09-15	15	17	18	28	30	37	40
255	2005-09-08	06	07	12	17	34	42	08
254	2005-09-01	12	13	22	23	25	29	40
253	2005-08-25	15	16	19	22	36	43	13
252	2005-08-18	02	06	13	22	32	33	12
251	2005-08-11	02	12	19	25	29	36	26
250	2005-08-04	03	08	09	13	22	42	11
249	2005-07-28	01	03	17	23	33	35	18
248	2005-07-21	11	32	35	36	39	41	06
247	2005-07-14	08	16	30	32	34	39	13
246	2005-07-07	16	28	32	34	39	42	38
245	2005-06-30	03	06	18	24	28	36	21
244	2005-06-23	11	12	30	36	38	39	37
243	2005-06-16	05	34	35	38	42	43	08
242	2005-06-09	01	10	13	22	29	32	38
241	2005-06-02	08	14	27	33	36	40	20
240	2005-05-26	11	15	26	31	36	39	12
239	2005-05-19	04	09	18	30	31	40	24
238	2005-05-12	05	10	15	20	33	37	30
237	2005-05-05	01	03	11	13	27	37	30
236	2005-04-28	01	08	09	14	34	38	04
235	2005-04-21	06	21	23	24	28	39	38
234	2005-04-14	11	17	24	26	27	30	19
233	2005-04-07	06	18	26	40	41	42	09
232	2005-03-31	01	05	07	26	39	43	32
231	2005-03-24	01	04	06	16	18	43	41
230	2005-03-17	04	09	18	31	36	42	34
229	2005-03-10	08	16	21	24	27	36	20
228	2005-03-03	05	08	17	26	36	39	34
227	2005-02-24	06	13	17	29	32	36	35
226	2005-02-17	08	26	36	40	42	43	21
225	2005-02-10	09	11	21	31	35	38	13
224	2005-02-03	12	17	18	19	30	35	13
223	2005-01-27	07	09	19	26	30	32	03
222	2005-01-20	04	14	15	22	29	31	20
221	2005-01-13	08	27	30	31	38	42	13
220	2005-01-06	23	25	26	29	33	37	40
219	2004-12-30	27	28	29	34	35	39	33
218	2004-12-23	08	10	18	22	31	36	04
217	2004-12-16	08	19	23	27	29	39	28
216	2004-12-09	09	21	29	33	35	41	27
215	2004-12-02	01	04	13	18	22	31	30
214	2004-11-25	04	07	09	11	20	36	32
213	2004-11-18	04	07	18	26	29	43	08
212	2004-11-11	01	11	17	32	35	39	20
211	2004-11-04	10	14	23	26	33	36	24
210	2004-10-28	01	06	21	22	37	40	19
209	2004-10-21	08	27	30	35	40	41	09
208	2004-10-14	18	24	29	32	35	39	23
207	2004-10-07	17	21	23	30	31	34	05
206	2004-09-30	01	03	16	22	41	43	13
205	2004-09-23	04	07	09	16	18	34	26
204	2004-09-16	02	17	20	25	39	42	30
203	2004-09-09	12	18	20	27	35	37	39
202	2004-09-02	09	18	26	28	33	40	10
201	2004-08-26	10	13	16	17	24	39	43
200	2004-08-19	04	07	11	19	25	28	02
199	2004-08-12	03	14	24	25	33	36	41
198	2004-08-05	04	05	06	17	20	42	10
197	2004-07-29	09	10	17	22	28	30	19
196	2004-07-22	04	05	11	16	30	33	14
195	2004-07-15	05	10	12	22	26	41	19
194	2004-07-08	04	11	12	21	36	38	37
193	2004-07-01	03	04	18	31	40	43	22
192	2004-06-24	03	07	19	27	39	41	10
191	2004-06-17	04	07	25	27	34	43	35
190	2004-06-10	17	23	30	31	39	43	42
189	2004-06-03	03	32	35	36	39	40	05
188	2004-05-27	03	08	18	25	26	39	38
187	2004-05-20	12	21	22	27	39	40	25
186	2004-05-13	07	16	18	33	36	41	04
185	2004-05-06	08	13	14	18	35	41	33
184	2004-04-29	05	07	23	31	39	42	19
183	2004-04-22	14	29	31	36	38	40	33
182	2004-04-15	22	23	28	37	40	43	30
181	2004-04-08	01	02	07	21	29	30	23
180	2004-04-01	04	10	11	12	20	36	28
179	2004-03-25	03	06	11	13	15	16	23
178	2004-03-18	10	22	27	30	36	39	04
177	2004-03-11	06	18	19	30	36	41	27
176	2004-03-04	08	19	25	31	34	37	30
175	2004-02-26	02	03	10	22	28	40	43
174	2004-02-19	02	09	16	36	38	42	06
173	2004-02-12	06	10	22	30	31	35	18
172	2004-02-05	10	11	22	23	33	34	27
171	2004-01-29	05	06	17	23	32	33	39
170	2004-01-22	10	12	15	17	30	31	06
169	2004-01-15	03	15	17	19	26	36	39
168	2004-01-08	01	06	31	32	36	39	42
167	2003-12-25	10	14	17	19	29	42	02
166	2003-12-18	14	18	20	28	34	38	17
165	2003-12-11	09	11	16	21	25	36	10
164	2003-12-04	01	02	13	14	35	38	32
163	2003-11-27	02	03	11	17	24	34	28
162	2003-11-20	03	22	25	30	33	37	35
161	2003-11-13	23	26	28	33	38	42	08
160	2003-11-06	04	10	20	30	31	32	26
159	2003-10-30	12	23	30	31	38	42	06
158	2003-10-23	01	06	12	35	37	38	30
157	2003-10-16	05	08	17	19	25	27	21
156	2003-10-09	06	20	22	29	30	35	39
155	2003-10-02	05	06	07	18	22	27	41
154	2003-09-25	07	09	18	26	27	38	14
153	2003-09-18	04	07	08	12	25	26	41
152	2003-09-11	04	08	12	16	31	33	17
151	2003-09-04	03	08	17	25	28	32	27
150	2003-08-28	10	11	18	20	31	43	27
149	2003-08-21	08	09	13	20	33	37	19
148	2003-08-14	03	16	18	20	28	29	09
147	2003-08-07	16	18	20	29	30	38	27
146	2003-07-31	07	17	27	36	37	39	04
145	2003-07-24	01	04	10	21	23	38	07
144	2003-07-17	01	16	19	33	38	41	43
143	2003-07-10	17	21	22	27	33	41	43
142	2003-07-03	02	16	22	27	29	39	38
141	2003-06-26	08	09	14	24	32	39	30
140	2003-06-19	17	19	29	37	39	40	10
139	2003-06-12	10	21	22	28	37	41	12
138	2003-06-05	07	09	10	16	23	29	18
137	2003-05-29	10	13	20	22	25	42	14
136	2003-05-22	03	13	26	31	32	39	01
135	2003-05-15	07	13	30	33	35	36	11
134	2003-05-08	02	06	11	14	18	19	21
133	2003-05-01	17	24	26	35	40	41	16
132	2003-04-24	03	18	23	31	32	37	01
131	2003-04-17	06	30	33	34	40	43	01
130	2003-04-10	22	30	31	34	38	39	02
129	2003-04-03	06	18	25	26	30	42	24
128	2003-03-27	06	10	18	20	29	39	21
127	2003-03-20	14	16	21	26	37	40	03
126	2003-03-13	05	06	09	10	21	38	20
125	2003-03-06	11	15	19	30	36	41	10
124	2003-02-27	04	17	23	30	39	40	28
123	2003-02-20	14	21	26	28	29	31	08
122	2003-02-13	19	20	21	25	33	42	41
121	2003-02-06	03	08	10	22	28	41	35
120	2003-01-30	15	18	22	25	36	40	14
119	2003-01-23	03	04	11	12	15	30	17
118	2003-01-16	09	13	21	30	32	37	20
117	2003-01-09	05	07	19	20	38	43	04
116	2002-12-26	08	10	15	16	26	31	42
115	2002-12-19	08	09	11	27	37	39	18
114	2002-12-12	07	13	14	29	38	42	09
113	2002-12-05	03	17	27	29	30	42	06
112	2002-11-28	16	18	23	25	29	30	41
111	2002-11-21	11	15	21	31	32	43	24
110	2002-11-14	05	06	08	19	37	41	09
109	2002-11-07	02	05	12	18	30	41	24
108	2002-10-31	09	22	23	25	34	37	08
107	2002-10-24	04	05	11	12	28	32	37
106	2002-10-17	08	11	21	22	25	27	26
105	2002-10-10	01	09	14	22	25	34	18
104	2002-10-03	01	11	17	26	28	35	12
103	2002-09-26	01	16	17	27	29	34	39
102	2002-09-19	04	05	18	27	35	36	41
101	2002-09-12	21	27	29	30	36	40	23
100	2002-09-05	06	08	11	14	31	33	23
99	2002-08-29	05	09	12	28	29	39	27
98	2002-08-22	07	16	34	37	38	39	08
97	2002-08-15	04	10	17	34	35	42	43
96	2002-08-08	01	13	15	34	36	43	37
95	2002-08-01	02	03	12	15	25	27	33
94	2002-07-25	11	16	17	18	29	40	09
93	2002-07-18	10	23	33	36	37	41	28
92	2002-07-11	05	17	20	24	28	40	16
91	2002-07-04	13	15	17	26	41	43	06
90	2002-06-27	13	15	17	18	30	32	09
89	2002-06-20	03	13	23	30	35	43	21
88	2002-06-13	05	06	08	20	21	26	30
87	2002-06-06	03	08	12	36	39	41	10
86	2002-05-30	03	07	16	24	29	36	26
85	2002-05-23	05	13	18	22	23	32	28
84	2002-05-16	17	19	26	28	35	37	40
83	2002-05-09	01	16	21	28	35	37	30
82	2002-05-02	10	12	19	25	26	39	28
81	2002-04-25	01	11	15	23	26	27	41
80	2002-04-18	01	04	12	16	19	34	18
79	2002-04-11	20	22	27	32	36	43	23
78	2002-04-04	05	14	23	32	33	43	37
77	2002-03-28	05	10	15	28	37	38	13
76	2002-03-21	01	10	12	16	20	35	29
75	2002-03-14	02	04	09	19	23	31	18
74	2002-03-07	03	14	27	28	40	43	39
73	2002-02-28	01	06	15	19	27	36	25
72	2002-02-21	10	12	24	29	33	37	34
71	2002-02-14	01	10	11	13	19	20	03
70	2002-02-07	06	11	20	23	24	31	17
69	2002-01-31	01	09	31	35	40	41	14
68	2002-01-24	16	23	30	35	37	39	38
67	2002-01-17	01	04	06	11	18	25	03
66	2002-01-10	07	15	17	30	33	35	14
65	2001-12-27	02	10	22	23	31	43	28
64	2001-12-20	02	14	19	22	32	41	09
63	2001-12-13	11	16	20	28	34	40	22
62	2001-12-06	02	03	09	12	15	30	42
61	2001-11-29	04	08	22	25	27	28	06
60	2001-11-22	20	21	23	28	30	42	29
59	2001-11-15	09	15	17	30	32	41	31
58	2001-11-08	04	08	09	13	16	25	28
57	2001-11-01	02	14	22	27	35	42	34
56	2001-10-25	10	13	25	31	32	42	40
55	2001-10-18	11	12	13	14	37	39	28
54	2001-10-11	14	25	26	31	37	42	07
53	2001-10-04	02	15	23	37	40	43	25
52	2001-09-27	01	16	24	25	36	42	21
51	2001-09-20	07	15	24	37	38	41	34
50	2001-09-13	05	13	15	25	27	39	40
49	2001-09-06	02	13	21	31	32	41	35
48	2001-08-30	02	05	28	30	33	40	26
47	2001-08-23	03	11	14	25	27	31	22
46	2001-08-16	11	14	21	24	25	42	41
45	2001-08-09	07	09	28	32	36	38	08
44	2001-08-02	03	16	24	31	34	42	36
43	2001-07-26	01	02	03	15	24	26	27
42	2001-07-19	04	15	21	24	33	37	09
41	2001-07-12	18	21	27	33	36	38	23
40	2001-07-05	05	17	25	34	38	39	02
39	2001-06-28	10	18	22	25	39	42	17
38	2001-06-21	02	09	26	27	34	43	42
37	2001-06-14	03	05	09	17	21	41	26
36	2001-06-07	01	16	20	23	30	40	17
35	2001-05-31	03	05	13	30	32	41	28
34	2001-05-24	02	20	25	30	37	40	10
33	2001-05-17	08	17	22	25	29	41	13
32	2001-05-10	03	06	07	23	29	41	33
31	2001-05-03	07	18	22	25	28	43	04
30	2001-04-26	04	16	17	19	26	37	08
29	2001-04-19	08	12	20	35	37	40	33
28	2001-04-12	06	11	15	20	31	41	07
27	2001-04-05	04	08	20	30	33	38	10
26	2001-03-29	03	04	11	12	13	43	22
25	2001-03-22	11	32	34	37	40	43	08
24	2001-03-15	15	18	19	30	36	38	13
23	2001-03-08	07	10	28	32	33	40	13
22	2001-03-01	08	12	16	19	20	35	41
21	2001-02-22	05	07	13	19	38	41	42
20	2001-02-15	07	29	33	35	37	39	19
19	2001-02-08	04	08	12	30	33	43	14
18	2001-02-01	06	16	18	27	36	41	33
17	2001-01-25	14	20	25	34	35	36	11
16	2001-01-18	05	12	13	29	34	35	30
15	2001-01-11	04	06	11	20	21	28	36
14	2001-01-04	02	08	11	35	37	38	43
13	2000-12-28	13	29	31	37	41	42	17
12	2000-12-21	14	17	27	28	35	39	22
11	2000-12-14	12	26	32	37	40	42	16
10	2000-12-07	01	03	19	21	35	39	26
9	2000-11-30	11	19	23	38	39	42	15
8	2000-11-23	11	16	18	20	42	43	28
7	2000-11-16	07	19	21	23	33	35	26
6	2000-11-09	06	12	23	25	28	38	22
5	2000-11-02	09	15	21	23	27	28	43
4	2000-10-26	16	18	26	27	34	40	13
3	2000-10-19	01	05	15	31	36	38	13
2	2000-10-12	01	09	16	20	21	43	05
1	2000-10-05	02	08	10	13	27	30	39
